TABLE NO.     1: First Order Conditional Estimation with Interaction: Problem=1 Subproblem=0 Superproblem1=0 Iteration1=0 Superproblem2=0 Iteration2=0
 NAME         THETA1       THETA2       THETA3       THETA4       THETA5       THETA6       SIGMA(1,1)   SIGMA(2,1)   SIGMA(2,2)   OMEGA(1,1)
 THETA1        1.31858E+04 -2.14079E-01 -4.10364E+01  6.50782E+01  7.32035E+02  3.65144E+02  2.95719E+05  0.00000E+00 -2.32418E-01 -1.96888E+00
 THETA2       -2.14079E-01  2.23277E-05  2.64449E-03 -6.67774E-03 -7.31813E-02 -3.65405E-02 -6.69797E+01  0.00000E+00  7.38575E-05 -1.50000E-05
 THETA3       -4.10364E+01  2.64449E-03  7.92989E+00 -5.77138E-01 -1.28174E+01 -4.58136E+00 -1.91511E+03  0.00000E+00  3.25497E-02 -2.89921E-03
 THETA4        6.50782E+01 -6.67774E-03 -5.77138E-01  2.03802E+00  2.20764E+01  1.10839E+01  2.04368E+04  0.00000E+00 -2.59539E-02  4.65523E-03
 THETA5        7.32035E+02 -7.31813E-02 -1.28174E+01  2.20764E+01  2.44896E+02  1.21396E+02  2.17740E+05  0.00000E+00 -2.93112E-01  4.62627E-02
 THETA6        3.65144E+02 -3.65405E-02 -4.58136E+00  1.10839E+01  1.21396E+02  6.06180E+01  1.09812E+05  0.00000E+00 -1.40526E-01  2.09365E-02
 SIGMA(1,1)    2.95719E+05 -6.69797E+01 -1.91511E+03  2.04368E+04  2.17740E+05  1.09812E+05  3.18112E+08  0.00000E+00 -3.24311E+02  9.95741E+01
 SIGMA(2,1)    0.00000E+00  0.00000E+00  0.00000E+00  0.00000E+00  0.00000E+00  0.00000E+00  0.00000E+00  0.00000E+00  0.00000E+00  0.00000E+00
 SIGMA(2,2)   -2.32418E-01  7.38575E-05  3.25497E-02 -2.59539E-02 -2.93112E-01 -1.40526E-01 -3.24311E+02  0.00000E+00  1.32222E-03 -5.01805E-04
 OMEGA(1,1)   -1.96888E+00 -1.50000E-05 -2.89921E-03  4.65523E-03  4.62627E-02  2.09365E-02  9.95741E+01  0.00000E+00 -5.01805E-04  1.36301E-03
