TABLE NO.     1: First Order Conditional Estimation with Interaction: Problem=1 Subproblem=0 Superproblem1=0 Iteration1=0 Superproblem2=0 Iteration2=0
 NAME         THETA1       THETA2       THETA3       THETA4       THETA5       THETA6       SIGMA(1,1)   SIGMA(2,1)   SIGMA(2,2)   OMEGA(1,1)
 THETA1        1.14829E+02 -3.94548E-01 -1.26906E-01  3.96989E-01  4.07370E-01  4.08423E-01  1.44390E-01  0.00000E+00 -5.56627E-02 -4.64427E-01
 THETA2       -3.94548E-01  4.72522E-03  1.98741E-01 -9.89927E-01 -9.89663E-01 -9.93234E-01 -7.94751E-01  0.00000E+00  4.29854E-01 -8.59843E-02
 THETA3       -1.26906E-01  1.98741E-01  2.81601E+00 -1.43563E-01 -2.90854E-01 -2.08959E-01 -3.81302E-02  0.00000E+00  3.17879E-01 -2.78866E-02
 THETA4        3.96989E-01 -9.89927E-01 -1.43563E-01  1.42759E+00  9.88172E-01  9.97212E-01  8.02636E-01  0.00000E+00 -4.99972E-01  8.83257E-02
 THETA5        4.07370E-01 -9.89663E-01 -2.90854E-01  9.88172E-01  1.56491E+01  9.96353E-01  7.80112E-01  0.00000E+00 -5.15100E-01  8.00738E-02
 THETA6        4.08423E-01 -9.93234E-01 -2.08959E-01  9.97212E-01  9.96353E-01  7.78575E+00  7.90785E-01  0.00000E+00 -4.96369E-01  7.28374E-02
 SIGMA(1,1)    1.44390E-01 -7.94751E-01 -3.81302E-02  8.02636E-01  7.80112E-01  7.90785E-01  1.78357E+04  0.00000E+00 -5.00058E-01  1.51219E-01
 SIGMA(2,1)    0.00000E+00  0.00000E+00  0.00000E+00  0.00000E+00  0.00000E+00  0.00000E+00  0.00000E+00  0.00000E+00  0.00000E+00  0.00000E+00
 SIGMA(2,2)   -5.56627E-02  4.29854E-01  3.17879E-01 -4.99972E-01 -5.15100E-01 -4.96369E-01 -5.00058E-01  0.00000E+00  3.63624E-02 -3.73795E-01
 OMEGA(1,1)   -4.64427E-01 -8.59843E-02 -2.78866E-02  8.83257E-02  8.00738E-02  7.28374E-02  1.51219E-01  0.00000E+00 -3.73795E-01  3.69190E-02
