dmp.txt <- structure(
	.Data = list(
		"coefficients" = list(
			"fixed" = c("CMultStdev" = 0.496779885721046, "tvVmax" = 1720.2713393482, "tvKm" = 2284.88591273273, "tvV" = 12.9986688053043, "tvKa" = 1.08938952372007, "dVdWT" = 0.595973340006765, "CEps" = 0.500222735009646)
			, "random" = list("Subject" = matrix(
				as.numeric(c(
					 0.112664750312139,  -0.232635510610883,  -0.0549070948539477
					,  0.414499942429994,  -0.0509368341731702,  -0.0410791854170301
					,  -0.00609259228669148,  0.38519032224282,  -0.0678269329865921
					,  0.0777572970091916,  0.104081483060383,  0.0558574884316137
					,  -0.0994917980081486,  -0.0630223996725353,  -0.772734304122994
					,  0.103880212154187,  -0.56015121673695,  0.0487268298811135
					,  -0.286060685736219,  0.23556841229081,  0.298549146358464
					,  0.35193374115488,  0.0721244389803009,  0.0932913193915733
					,  0.513229647756198,  0.167890838868645,  0.0790088895558402
					,  -0.223859849418697,  -0.489371772068684,  0.307278563319711
					,  -0.471431061300285,  0.402557570811156,  -0.654879885327503
					,  0.148959562577934,  0.0826811097349868,  0.42704263502652
					,  -0.135811274861976,  -0.42019188861117,  0.512050215555925
					,  0.479812820551578,  -0.11507591943807,  -0.349937515728427
					,  -0.135284128420339,  0.268461949604116,  0.454203962327833
					,  -0.134852809582758,  0.0599541032079763,  0.359144138347946
					,  0.320923246680334,  0.150227437625269,  -0.566960038425429
					,  -0.321349932150098,  -0.0239468317767079,  -0.819207457689233
					,  -0.0889640581728611,  0.243507243948322,  0.371488252411296
					,  -0.444988756427437,  -0.664657716689144,  0.22535065010396
					,  -0.207054325985515,  -0.172364180487566,  0.027082646017325
					,  0.633947012152501,  -0.27062318735209,  -0.0324798102071703
					,  0.103710307529699,  0.578569528025615,  -0.318476445160051
					,  0.126589501920035,  0.0455757926093159,  -0.143162249188554
					,  -0.0461653554125611,  -0.0339205419286158,  -0.779522461812607
					,  0.0245775680233815,  -0.565478684289113,  0.0860164186406097
					,  -0.237833189943011,  0.0291068398805561,  -0.0265587571273872
					,  0.490755891336827,  0.083754501216589,  0.262355668812985
					,  0.483299383679849,  0.282248852243311,  0.0314418869173968
					,  0.0703491116905814,  -0.725865408190797,  0.425018289620266
					,  -0.602385826870697,  0.401295592348105,  -0.502181722579745
					,  0.303656203895114,  0.061652327026373,  0.44885078834221
					,  -0.29574980419477,  -0.61457416867189,  0.541440832010725
					,  0.147335509801975,  0.052620333899318,  -0.474054086994004
					,  -0.0935336954695404,  0.276609829906774,  0.492600481820758
					,  -0.117150122252429,  0.234412458437482,  0.29878221422026
					,  0.22709011708813,  0.220879318691038,  -0.747181902892771
					,  -0.325635570286787,  0.183000087101591,  -0.782326958806969
					,  -0.143231275921226,  0.271337192082947,  0.111773041087578
					,  -0.413443903226797,  -0.662009424516311,  0.179355317361725
					,  -0.677061757447545,  -0.0401299279430002,  0.133647099678049
					,  0.749117110861744,  -0.291496292511468,  -0.0345198144813482
					,  0.169439769787697,  0.677214217501046,  -0.438148125669064
					,  0.179203761543797,  -0.251733600391292,  -0.352653771690293
					,  0.0686891792527077,  0.0405861071507574,  -0.566430115740526
					,  -0.0885871802732329,  -0.406078016116181,  0.145659042043395
					,  -0.0923227128188946,  -0.394043469899697,  -0.355861579213369
					,  0.518559295976896,  0.0370502325436892,  0.36877839230276
					,  0.150595564027281,  0.120303190594649,  -0.0346803896528472
					,  0.494106567728485,  -0.600963590256331,  0.428061613370196
					,  -0.481434746629237,  0.139055954232893,  -0.2737191943943
					,  0.445074239431683,  0.0475425218182538,  0.268485488061176
					,  -0.345522224603047,  -0.591459037463771,  0.217376217306894
					,  -0.531107281277094,  0.252449122086053,  -0.390713146710389
					,  -0.0212841546617751,  0.148669934808481,  0.334943824581545
					,  0.0206250209582816,  0.437077088706502,  0.0207923616380666
					,  0.0382044844411157,  0.242707443236752,  -0.601305236902545
					,  -0.190284222445359,  0.430992731875992,  -0.588329551671398
					,  -0.120103431173445,  0.216294470855953,  -0.545838045945291
					,  -0.244451689764806,  -0.462350561090457,  -0.131230948435806
					))
				, nrow = 60, ncol = 3
				, dimnames = list(
					as.character(c( "1", "2", "3", "4", "5", "6", "7", "8", "9", "10"
					  , "11", "12", "13", "14", "15", "16", "17", "18", "19", "20"
					  , "21", "22", "23", "24", "25", "26", "27", "28", "29", "30"
					  , "31", "32", "33", "34", "35", "36", "37", "38", "39", "40"
					  , "41", "42", "43", "44", "45", "46", "47", "48", "49", "50"
					  , "51", "52", "53", "54", "55", "56", "57", "58", "59", "60"))
					, as.character(c("nVmax", "nKm", "nV"))
					)
				))
			)
		, "logLik" = c(-3868.53)
		, "nObs" = c(420)
		, "nSubj" = c(60)
		, "nParm" = c(13)
		, "returnCode" = c(1)
		, "omega" = matrix(
			as.numeric(c(0.153742518468081, 0.133872821785417, 0.113354718738236, 0.133872821785417, 0.167131385596942, 0.131638308832135, 0.113354718738236, 0.131638308832135, 0.265056733380191))
			, nrow = 3, ncol = 3
			, dimnames = list(
				as.character(c("nVmax", "nKm", "nV"))
				, as.character(c("nVmax", "nKm", "nV"))
				)
			)
		, "eta" = matrix(
			as.numeric(c(-0.00613018714968274, -0.0182645369055005, -0.0433756961478503, 0.113558496435353, 0.134672822547255, 0.125603530620425, 0.33698441571585, 0.366977959211797, 0.354405884009316, 0.140565425040603, 0.102341858114648, 0.311614834287414))
			, nrow = 3, ncol = 4
			, dimnames = list(
				as.character(c("nVmax", "nKm", "nV"))
				, as.character(c("mean", "var", "sd", "shrinkage"))
				)
			)
		, "eta_shrinkage" = list("Subject" = matrix(
			as.numeric(c(
				 0.124904469959938,  0.195835033212536,  0.225247431975358
				,  0.368551158481753,  0.195562749313406,  0.208087078212092
				,  0.260534757888315,  0.35562852207314,  0.147745365088023
				,  0.256473374851354,  0.232748515003115,  0.189806338557328
				,  0.220757798047437,  0.184495985633396,  0.216138471991093
				,  0.223079974482636,  0.111878893702278,  0.263010628512267
				,  0.19563112496777,  0.203023494760422,  0.18064459660143
				,  0.336199701969196,  0.229253935704775,  0.261718705730145
				,  0.320639336890572,  0.283809486380273,  0.230228567907585
				,  0.268610833967152,  0.0852521839333171,  0.321896810231317
				,  0.183893936383475,  0.296477202273891,  0.211209634456788
				,  0.311031166807391,  0.246748469771839,  0.313408313938566
				,  0.126927033877214,  0.0750285707927389,  0.331895391551205
				,  0.173942988982817,  0.260820451765345,  0.106670868731276
				,  0.2255474995106,  0.293529174433835,  0.314903573980464
				,  0.206116741798621,  0.301241534364728,  0.27980558803797
				,  0.263324524911628,  0.286067056004038,  0.0794247451730671
				,  0.169236974581733,  0.300868353104918,  0.196347598625844
				,  0.208362939299328,  0.306497474877156,  0.189341810492697
				,  0.129355774300461,  0.179481259042349,  0.239866631760004
				,  0.149112648693028,  0.179185618397045,  0.190121937868171
				,  0.230722844319128,  0.158816670552587,  0.183091685772382
				,  0.199284120134769,  0.225148432738456,  0.166305125992488
				,  0.195725487234761,  0.183249549415748,  0.170089707000231
				,  0.185911013496195,  0.18377485030279,  0.143444639056068
				,  0.182850192199078,  0.157317134813471,  0.199647787041092
				,  0.176186120665178,  0.158131802400137,  0.144370586610481
				,  0.223195948189528,  0.195813155750735,  0.203140151680208
				,  0.199493055984919,  0.192825623390423,  0.184819979113799
				,  0.195801459939061,  0.147999277182663,  0.21613003536522
				,  0.149723862478595,  0.203665705210797,  0.153058322547202
				,  0.20873993209159,  0.170050619952743,  0.202101131982568
				,  0.17085544509221,  0.158369683370847,  0.206812212122615
				,  0.13359869803292,  0.193519702564681,  0.163013148232571
				,  0.18039910272294,  0.19586806734228,  0.211449020278485
				,  0.181914310536322,  0.206321206360467,  0.19648505375603
				,  0.193121988284887,  0.2108940389322,  0.151918727315341
				,  0.162784788328043,  0.199359307428269,  0.139552180046091
				,  0.186648219372644,  0.213036144730241,  0.140976378590746
				,  0.162089308522246,  0.147277850525489,  0.177570062660928
				,  0.444034259353838,  0.662592385816292,  0.589314382259276
				,  0.574457581066644,  0.399372289490761,  0.532578368129332
				,  0.542006497657214,  0.548262037693988,  0.514508860711455
				,  0.526641279757088,  0.477754669563628,  0.476283415983778
				,  0.550717753097221,  0.579031974743558,  0.679246762834654
				,  0.448621468675325,  0.67973366791311,  0.543164601920895
				,  0.668938906539362,  0.357608604820706,  0.263364595667377
				,  0.564615060314047,  0.5942832298402,  0.600346964860342
				,  0.362640524625603,  0.422039173012361,  0.485704814667264
				,  0.608217078607519,  0.679710870922905,  0.530404675604059
				,  0.689643158403126,  0.416433090592927,  0.690602598230092
				,  0.487789311183268,  0.375557894006144,  0.386722210944753
				,  0.630223582138918,  0.665932407324723,  0.402947623819273
				,  0.239178329637399,  0.559695080859886,  0.663949288970269
				,  0.681875594990171,  0.409789375915314,  0.4464903050197
				,  0.522010917685273,  0.64493389030999,  0.427980754583908
				,  0.411854750270356,  0.549308645783097,  0.678660689545556
				,  0.687606280795395,  0.665987787545894,  0.673461795115628
				,  0.556422151552832,  0.517798301897629,  0.299029683712515
				,  0.674331535682824,  0.684211813832749,  0.395496609364249
				))
			, nrow = 60, ncol = 3
			, dimnames = list(
				as.character(c( "1", "2", "3", "4", "5", "6", "7", "8", "9", "10"
				  , "11", "12", "13", "14", "15", "16", "17", "18", "19", "20"
				  , "21", "22", "23", "24", "25", "26", "27", "28", "29", "30"
				  , "31", "32", "33", "34", "35", "36", "37", "38", "39", "40"
				  , "41", "42", "43", "44", "45", "46", "47", "48", "49", "50"
				  , "51", "52", "53", "54", "55", "56", "57", "58", "59", "60"))
				, as.character(c("nVmax_shrinkage", "nKm_shrinkage", "nV_shrinkage"))
				)
			))
		, "sigma" = matrix(
			as.numeric(c(0.250222784620531))
			, nrow = 1, ncol = 1
			, dimnames = list(
				as.character(c("CEps"))
				, as.character(c("CEps"))
				)
			)
		, "method" = "FOCE-ELS"
		, "varFix" = matrix(
			as.numeric(c(0.000972112573092577, 2.70648306274708, 2.44398026229896, 0.0175589701610154, 0.000112828336033173, -0.00150206697382254, -0.0111217945646474, 2.70648306274708, 161003.423452275, 436029.827205947, 57.9491357876183, -15.9336112422693, -29.4464727592489, -377.445374653247, 2.44398026229896, 436029.827205947, 1324322.13901641, -52.6243600361223, -42.4915278484814, -21.0340592610541, -1115.76845608879, 0.0175589701610154, 57.9491357876183, -52.6243600361223, 1.18760010774841, 0.0166838588831917, -0.125802818763041, 0.331773019853372, 0.000112828336033173, -15.9336112422693, -42.4915278484814, 0.0166838588831917, 0.00944475337528707, 0.0135303643316373, 0.0608186503862907, -0.00150206697382254, -29.4464727592489, -21.0340592610541, -0.125802818763041, 0.0135303643316373, 0.178118562849429, 0.0585558122831299, -0.0111217945646474, -377.445374653247, -1115.76845608879, 0.331773019853372, 0.0608186503862907, 0.0585558122831299, 5.52256578858445))
			, nrow = 7, ncol = 7
			, dimnames = list(
				as.character(c("CMultStdev", "tvVmax", "tvKm", "tvV", "tvKa", "dVdWT", "CEps"))
				, as.character(c("CMultStdev", "tvVmax", "tvKm", "tvV", "tvKa", "dVdWT", "CEps"))
				)
			)
		, "omegaSE" = matrix(
			as.numeric(c(0.15302034918304, 0.0784027899456395, 0.338406485639347, 0.0784027899456395, 0.0569196533964277, 0.151599454548528, 0.338406485639347, 0.151599454548528, 0.78204631920023))
			, nrow = 3, ncol = 3, byrow = TRUE
			, dimnames = list(
				as.character(c("nVmax", "nKm", "nV"))
				, as.character(c("nVmax", "nKm", "nV"))
				)
			)
		, "Covariance" = matrix(
			as.numeric(c(0.00097211257, 2.7064831, 2.4439803, 0.01755897, 0.00011282834, -0.001502067, -0.011121795, 0.0012098329, 0.00053452011, -0.00020937418, 0.0028413799, 0.0011996058, 0.0065695997, 2.7064831, 161003.42, 436029.83, 57.949136, -15.933611, -29.446473, -377.44537,  35.46664, 21.506868, 1.0452887, 53.356944, 16.816271, 123.51926, 2.4439803, 436029.83, 1324322.1, -52.62436, -42.491528, -21.034059, -1115.7685, 76.212037, 49.776369, -0.41294661, 87.046951, 14.232209, 225.03819, 0.01755897, 57.949136, -52.62436, 1.1876001, 0.016683859, -0.12580282, 0.33177302, 0.013298419, 0.014637959, 0.015420199, 0.035888154, 0.017976807, 0.097384359, 0.00011282834, -15.933611, -42.491528, 0.016683859, 0.0094447534, 0.013530364, 0.06081865, -0.0068409919, -0.0034197224, -0.00070288003, -0.010842502, -0.0047366444, -0.019433036, -0.001502067, -29.446473, -21.034059, -0.12580282, 0.013530364, 0.17811856, 0.058555812, -0.017791266, -0.014135999, -0.0054474125, -0.043751698, -0.030345946, -0.087699079, -0.011121795, -377.44537, -1115.7685, 0.33177302, 0.06081865, 0.058555812, 5.5225658, -0.085308137, -0.065590431, 0.022855399, -0.12843861, -0.069543455, -0.31984815, 0.0012098329,  35.46664, 76.212037, 0.013298419, -0.0068409919, -0.017791266, -0.085308137, 0.023415227, 0.0065935043, 0.001310069, 0.048324519, 0.0098553239, 0.10430454, 0.00053452011, 21.506868, 49.776369, 0.014637959, -0.0034197224, -0.014135999, -0.065590431, 0.0065935043, 0.0061469975, 0.0013729339, 0.010108677, 0.0091231461, 0.018343525, -0.00020937418, 1.0452887, -0.41294661, 0.015420199, -0.00070288003, -0.0054474125, 0.022855399, 0.001310069, 0.0013729339, 0.0032398469, 0.0017633422, 0.00071485317, 0.0033096862, 0.0028413799, 53.356944, 87.046951, 0.035888154, -0.010842502, -0.043751698, -0.12843861, 0.048324519, 0.010108677, 0.0017633422, 0.11451895, 0.021403936, 0.25753365, 0.0011996058, 16.816271, 14.232209, 0.017976807, -0.0047366444, -0.030345946, -0.069543455, 0.0098553239, 0.0091231461, 0.00071485317, 0.021403936, 0.022982395, 0.034447244, 0.0065695997, 123.51926, 225.03819, 0.097384359, -0.019433036, -0.087699079, -0.31984815, 0.10430454, 0.018343525, 0.0033096862, 0.25753365, 0.034447244, 0.61159645))
			, nrow = 13, ncol = 13
			, dimnames = list(
				as.character(c("CMultStdev", "tvVmax", "tvKm", "tvV", "tvKa", "dVdWT", "stdev0", "nVmax-nVmax", "nKm-nVmax", "nKm-nKm", "nV-nVmax", "nV-nKm", "nV-nV"))
				, as.character(c("CMultStdev", "tvVmax", "tvKm", "tvV", "tvKa", "dVdWT", "stdev0", "nVmax-nVmax", "nKm-nVmax", "nKm-nKm", "nV-nVmax", "nV-nKm", "nV-nV"))
				)
			)
		, "Correlation" = matrix(
			as.numeric(c(0.03117872, 0.21633634, 0.068114974, 0.51677994, 0.037236135, -0.11415013, -0.15179104, 0.2535817, 0.21866247, -0.11797843, 0.26929752, 0.25379476, 0.26943137, 0.21633634, 401.25232, 0.94428224, 0.13252393, -0.40860281, -0.17388461, -0.40028204, 0.57763473,  0.683641, 0.045767423, 0.39294766, 0.27644867, 0.3936268, 0.068114974, 0.94428224,  1150.792, -0.041961876, -0.3799358, -0.043308354, -0.41257871, 0.43279034, 0.5516897, -0.0063042705, 0.22352086, 0.0815789, 0.25005004, 0.51677994, 0.13252393, -0.041961876, 1.0897707, 0.15753102, -0.27352729, 0.12954943, 0.079747246, 0.17132229, 0.24859513, 0.097314448, 0.10881275, 0.11426721, 0.037236135, -0.40860281, -0.3799358, 0.15753102, 0.097184121, 0.32988274, 0.26629991, -0.46001774, -0.44881154, -0.12706433, -0.3296822, -0.32149767, -0.25568948, -0.11415013, -0.17388461, -0.043308354, -0.27352729, 0.32988274, 0.42204095, 0.059039813, -0.27548824, -0.427209, -0.22676364, -0.30633854, -0.4742949, -0.26571004, -0.15179104, -0.40028204, -0.41257871, 0.12954943, 0.26629991, 0.059039813,  2.350014, -0.23723066, -0.35599059, 0.17086618, -0.16150519, -0.19520376, -0.17403673, 0.2535817, 0.57763473, 0.43279034, 0.079747246, -0.46001774, -0.27548824, -0.23723066, 0.15302035, 0.5495859, 0.15041208, 0.93321062, 0.4248387, 0.8716087, 0.21866247,  0.683641, 0.5516897, 0.17132229, -0.44881154, -0.427209, -0.35599059, 0.5495859, 0.07840279, 0.30764926, 0.38099924, 0.76756555, 0.29917053, -0.11797843, 0.045767423, -0.0063042705, 0.24859513, -0.12706433, -0.22676364, 0.17086618, 0.15041208, 0.30764926, 0.056919653, 0.091545223, 0.082843218, 0.074351905, 0.26929752, 0.39294766, 0.22352086, 0.097314448, -0.3296822, -0.30633854, -0.16150519, 0.93321062, 0.38099924, 0.091545223, 0.33840649, 0.41721251,  0.973112, 0.25379476, 0.27644867, 0.0815789, 0.10881275, -0.32149767, -0.4742949, -0.19520376, 0.4248387, 0.76756555, 0.082843218, 0.41721251, 0.15159945, 0.29055233, 0.26943137, 0.3936268, 0.25005004, 0.11426721, -0.25568948, -0.26571004, -0.17403673, 0.8716087, 0.29917053, 0.074351905,  0.973112, 0.29055233, 0.78204632))
			, nrow = 13, ncol = 13
			, dimnames = list(
				as.character(c("CMultStdev", "tvVmax", "tvKm", "tvV", "tvKa", "dVdWT", "stdev0", "nVmax-nVmax", "nKm-nVmax", "nKm-nKm", "nV-nVmax", "nV-nKm", "nV-nV"))
				, as.character(c("CMultStdev", "tvVmax", "tvKm", "tvV", "tvKa", "dVdWT", "stdev0", "nVmax-nVmax", "nKm-nVmax", "nKm-nKm", "nV-nVmax", "nV-nKm", "nV-nV"))
				)
			)
		, "Inverse" = matrix(
			as.numeric(c(1883.9292, -0.072371536, 0.029392362, -26.802207, -21.329023, -13.900892, 3.1230015, -400.46372, 244.69011,  225.0313,   369.391, -184.53256, -98.616363, -0.072371536, 0.00019952602, -6.390629e-005, -0.0098665668, 0.0029868358, -0.0026808885, -0.00025827567, 0.1970956, -0.20633741, 0.040319205, -0.23955092, 0.036170467, 0.056332351, 0.029392362, -6.390629e-005, 2.3737062e-005, 0.003338485, 0.0019314939, 0.00077227578, 8.0959607e-005, -0.096751449, 0.033624133, 0.0044149691, 0.10982486, -0.0042315327, -0.026999433, -26.802207, -0.0098665668, 0.003338485,  2.100983, -3.6187296, 1.1954318, -0.11035045, -9.2389094, 1.8101955, -7.227029, 12.819829, 1.7623069, -3.2206669, -21.329023, 0.0029868358, 0.0019314939, -3.6187296, 187.56994, -13.167511, -0.81745494, 127.38632, -69.239236, 33.388443, -32.040999, 28.200881, -4.7898262, -13.900892, -0.0026808885, 0.00077227578, 1.1954318, -13.167511, 9.5755816, 0.020147922, -41.099508, 33.208349, 0.022225703, 29.265905, -4.2189909, -4.8911385, 3.1230015, -0.00025827567, 8.0959607e-005, -0.11035045, -0.81745494, 0.020147922, 0.26669424, 0.29077117, 4.6285937, -2.9353079, -1.7586893, -0.59089631, 0.72409418, -400.46372, 0.1970956, -0.096751449, -9.2389094, 127.38632, -41.099508, 0.29077117,  3326.811, -2385.9668,   221.319, -2972.4431, 1166.1773, 688.83324, 244.69011, -0.20633741, 0.033624133, 1.8101955, -69.239236, 33.208349, 4.6285937, -2385.9668, 3452.6562, -768.35044, 2140.0727, -1435.4902, -481.4161,  225.0313, 0.040319205, 0.0044149691, -7.227029, 33.388443, 0.022225703, -2.9353079,   221.319, -768.35044, 617.52439, -211.30612, 282.12406, 43.541033,   369.391, -0.23955092, 0.10982486, 12.819829, -32.040999, 29.265905, -1.7586893, -2972.4431, 2140.0727, -211.30612, 2993.4061, -1129.1551, -748.76781, -184.53256, 0.036170467, -0.0042315327, 1.7623069, 28.200881, -4.2189909, -0.59089631, 1166.1773, -1435.4902, 282.12406, -1129.1551, 729.85995, 272.93916, -98.616363, 0.056332351, -0.026999433, -3.2206669, -4.7898262, -4.8911385, 0.72409418, 688.83324, -481.4161, 43.541033, -748.76781, 272.93916, 197.93785))
			, nrow = 13, ncol = 13
			, dimnames = list(
				as.character(c("CMultStdev", "tvVmax", "tvKm", "tvV", "tvKa", "dVdWT", "stdev0", "nVmax-nVmax", "nKm-nVmax", "nKm-nKm", "nV-nVmax", "nV-nKm", "nV-nV"))
				, as.character(c("CMultStdev", "tvVmax", "tvKm", "tvV", "tvKa", "dVdWT", "stdev0", "nVmax-nVmax", "nKm-nVmax", "nKm-nKm", "nV-nVmax", "nV-nKm", "nV-nV"))
				)
			)
		, "LLTable" = data.frame(
			id = as.character(c( "1", "2", "3", "4", "5", "6", "7", "8", "9", "10", "11", "12", "13", "14", "15", "16", "17", "18", "19", "20", "21", "22", "23", "24", "25", "26", "27", "28", "29", "30", "31", "32", "33", "34", "35", "36", "37", "38", "39", "40", "41", "42", "43", "44", "45", "46", "47", "48", "49", "50", "51", "52", "53", "54", "55", "56", "57", "58", "59", "60"))
			, "LL" = c(-64.928615, -63.979217, -64.608432, -59.069822, -66.837662, -65.152195, -61.675005, -60.498724, -65.262377, -62.186482, -62.531837, -62.606529, -65.977468, -66.450303, -73.018879, -61.96438, -73.087133, -62.334044, -67.946972, -60.450939, -61.603566, -60.556269, -62.673918, -64.122123, -59.24725, -64.443544, -61.919102, -67.61005, -74.075483, -61.868751, -70.394896, -60.279768, -69.627119, -61.955891, -63.087275, -58.939447, -67.922808, -72.041405, -57.986249, -59.150792, -64.522711, -72.873462, -63.268523, -61.095354, -59.863225, -65.657181, -63.692571, -59.716762, -60.971452, -60.589941, -71.355401, -68.455073, -63.304698, -74.260305, -63.01166, -62.436349, -60.406484, -69.91898, -71.863111, -61.190822)
			) # end of LLTable
		, "residuals" = data.frame(
			  ID1 = as.character(c(  "",   "",   "",   "",   "",   "",   "",   "",   "",   "",   "",   "",   "",   "",   "",   "",   "",   "",   "",   "",   "",   "",   "",   "",   "",   "",   "",   "",   "",   "",   "",   "",   "",   "",   "",   "",   "",   "",   "",   "",   "",   "",   "",   "",   "",   "",   "",   "",   "",   "",   "",   "",   "",   "",   "",   "",   "",   "",   "",   "",   "",   "",   "",   "",   "",   "",   "",   "",   "",   "",   "",   "",   "",   "",   "",   "",   "",   "",   "",   "",   "",   "",   "",   "",   "",   "",   "",   "",   "",   "",   "",   "",   "",   "",   "",   "",   "",   "",   "",   "",   "",   "",   "",   "",   "",   "",   "",   "",   "",   "",   "",   "",   "",   "",   "",   "",   "",   "",   "",   "",   "",   "",   "",   "",   "",   "",   "",   "",   "",   "",   "",   "",   "",   "",   "",   "",   "",   "",   "",   "",   "",   "",   "",   "",   "",   "",   "",   "",   "",   "",   "",   "",   "",   "",   "",   "",   "",   "",   "",   "",   "",   "",   "",   "",   "",   "",   "",   "",   "",   "",   "",   "",   "",   "",   "",   "",   "",   "",   "",   "",   "",   "",   "",   "",   "",   "",   "",   "",   "",   "",   "",   "",   "",   "",   "",   "",   "",   "",   "",   "",   "",   "",   "",   "",   "",   "",   "",   "",   "",   "",   "",   "",   "",   "",   "",   "",   "",   "",   "",   "",   "",   "",   "",   "",   "",   "",   "",   "",   "",   "",   "",   "",   "",   "",   "",   "",   "",   "",   "",   "",   "",   "",   "",   "",   "",   "",   "",   "",   "",   "",   "",   "",   "",   "",   "",   "",   "",   "",   "",   "",   "",   "",   "",   "",   "",   "",   "",   "",   "",   "",   "",   "",   "",   "",   "",   "",   "",   "",   "",   "",   "",   "",   "",   "",   "",   "",   "",   "",   "",   "",   "",   "",   "",   "",   "",   "",   "",   "",   "",   "",   "",   "",   "",   "",   "",   "",   "",   "",   "",   "",   "",   "",   "",   "",   "",   "",   "",   "",   "",   "",   "",   "",   "",   "",   "",   "",   "",   "",   "",   "",   "",   "",   "",   "",   "",   "",   "",   "",   "",   "",   "",   "",   "",   "",   "",   "",   "",   "",   "",   "",   "",   "",   "",   "",   "",   "",   "",   "",   "",   "",   "",   "",   "",   "",   "",   "",   "",   "",   "",   "",   "",   "",   "",   "",   "",   "",   "",   "",   "",   "",   "",   "",   "",   "",   "",   "",   "",   "",   "",   "",   "",   "",   "",   "",   "",   "",   "",   "",   "",   "",   "",   "",   "",   "",   "",   "",   "",   "",   "",   "",   "",   "",   "",   "",   "",   "",   "",   "",   "",   ""))
			, ID2 = as.character(c(  "",   "",   "",   "",   "",   "",   "",   "",   "",   "",   "",   "",   "",   "",   "",   "",   "",   "",   "",   "",   "",   "",   "",   "",   "",   "",   "",   "",   "",   "",   "",   "",   "",   "",   "",   "",   "",   "",   "",   "",   "",   "",   "",   "",   "",   "",   "",   "",   "",   "",   "",   "",   "",   "",   "",   "",   "",   "",   "",   "",   "",   "",   "",   "",   "",   "",   "",   "",   "",   "",   "",   "",   "",   "",   "",   "",   "",   "",   "",   "",   "",   "",   "",   "",   "",   "",   "",   "",   "",   "",   "",   "",   "",   "",   "",   "",   "",   "",   "",   "",   "",   "",   "",   "",   "",   "",   "",   "",   "",   "",   "",   "",   "",   "",   "",   "",   "",   "",   "",   "",   "",   "",   "",   "",   "",   "",   "",   "",   "",   "",   "",   "",   "",   "",   "",   "",   "",   "",   "",   "",   "",   "",   "",   "",   "",   "",   "",   "",   "",   "",   "",   "",   "",   "",   "",   "",   "",   "",   "",   "",   "",   "",   "",   "",   "",   "",   "",   "",   "",   "",   "",   "",   "",   "",   "",   "",   "",   "",   "",   "",   "",   "",   "",   "",   "",   "",   "",   "",   "",   "",   "",   "",   "",   "",   "",   "",   "",   "",   "",   "",   "",   "",   "",   "",   "",   "",   "",   "",   "",   "",   "",   "",   "",   "",   "",   "",   "",   "",   "",   "",   "",   "",   "",   "",   "",   "",   "",   "",   "",   "",   "",   "",   "",   "",   "",   "",   "",   "",   "",   "",   "",   "",   "",   "",   "",   "",   "",   "",   "",   "",   "",   "",   "",   "",   "",   "",   "",   "",   "",   "",   "",   "",   "",   "",   "",   "",   "",   "",   "",   "",   "",   "",   "",   "",   "",   "",   "",   "",   "",   "",   "",   "",   "",   "",   "",   "",   "",   "",   "",   "",   "",   "",   "",   "",   "",   "",   "",   "",   "",   "",   "",   "",   "",   "",   "",   "",   "",   "",   "",   "",   "",   "",   "",   "",   "",   "",   "",   "",   "",   "",   "",   "",   "",   "",   "",   "",   "",   "",   "",   "",   "",   "",   "",   "",   "",   "",   "",   "",   "",   "",   "",   "",   "",   "",   "",   "",   "",   "",   "",   "",   "",   "",   "",   "",   "",   "",   "",   "",   "",   "",   "",   "",   "",   "",   "",   "",   "",   "",   "",   "",   "",   "",   "",   "",   "",   "",   "",   "",   "",   "",   "",   "",   "",   "",   "",   "",   "",   "",   "",   "",   "",   "",   "",   "",   "",   "",   "",   "",   "",   "",   "",   "",   "",   "",   "",   "",   "",   "",   "",   "",   "",   "",   "",   "",   "",   "",   "",   "",   "",   ""))
			, ID3 = as.character(c(  "",   "",   "",   "",   "",   "",   "",   "",   "",   "",   "",   "",   "",   "",   "",   "",   "",   "",   "",   "",   "",   "",   "",   "",   "",   "",   "",   "",   "",   "",   "",   "",   "",   "",   "",   "",   "",   "",   "",   "",   "",   "",   "",   "",   "",   "",   "",   "",   "",   "",   "",   "",   "",   "",   "",   "",   "",   "",   "",   "",   "",   "",   "",   "",   "",   "",   "",   "",   "",   "",   "",   "",   "",   "",   "",   "",   "",   "",   "",   "",   "",   "",   "",   "",   "",   "",   "",   "",   "",   "",   "",   "",   "",   "",   "",   "",   "",   "",   "",   "",   "",   "",   "",   "",   "",   "",   "",   "",   "",   "",   "",   "",   "",   "",   "",   "",   "",   "",   "",   "",   "",   "",   "",   "",   "",   "",   "",   "",   "",   "",   "",   "",   "",   "",   "",   "",   "",   "",   "",   "",   "",   "",   "",   "",   "",   "",   "",   "",   "",   "",   "",   "",   "",   "",   "",   "",   "",   "",   "",   "",   "",   "",   "",   "",   "",   "",   "",   "",   "",   "",   "",   "",   "",   "",   "",   "",   "",   "",   "",   "",   "",   "",   "",   "",   "",   "",   "",   "",   "",   "",   "",   "",   "",   "",   "",   "",   "",   "",   "",   "",   "",   "",   "",   "",   "",   "",   "",   "",   "",   "",   "",   "",   "",   "",   "",   "",   "",   "",   "",   "",   "",   "",   "",   "",   "",   "",   "",   "",   "",   "",   "",   "",   "",   "",   "",   "",   "",   "",   "",   "",   "",   "",   "",   "",   "",   "",   "",   "",   "",   "",   "",   "",   "",   "",   "",   "",   "",   "",   "",   "",   "",   "",   "",   "",   "",   "",   "",   "",   "",   "",   "",   "",   "",   "",   "",   "",   "",   "",   "",   "",   "",   "",   "",   "",   "",   "",   "",   "",   "",   "",   "",   "",   "",   "",   "",   "",   "",   "",   "",   "",   "",   "",   "",   "",   "",   "",   "",   "",   "",   "",   "",   "",   "",   "",   "",   "",   "",   "",   "",   "",   "",   "",   "",   "",   "",   "",   "",   "",   "",   "",   "",   "",   "",   "",   "",   "",   "",   "",   "",   "",   "",   "",   "",   "",   "",   "",   "",   "",   "",   "",   "",   "",   "",   "",   "",   "",   "",   "",   "",   "",   "",   "",   "",   "",   "",   "",   "",   "",   "",   "",   "",   "",   "",   "",   "",   "",   "",   "",   "",   "",   "",   "",   "",   "",   "",   "",   "",   "",   "",   "",   "",   "",   "",   "",   "",   "",   "",   "",   "",   "",   "",   "",   "",   "",   "",   "",   "",   "",   "",   "",   "",   "",   "",   "",   "",   "",   "",   "",   "",   ""))
			, ID4 = as.character(c(  "",   "",   "",   "",   "",   "",   "",   "",   "",   "",   "",   "",   "",   "",   "",   "",   "",   "",   "",   "",   "",   "",   "",   "",   "",   "",   "",   "",   "",   "",   "",   "",   "",   "",   "",   "",   "",   "",   "",   "",   "",   "",   "",   "",   "",   "",   "",   "",   "",   "",   "",   "",   "",   "",   "",   "",   "",   "",   "",   "",   "",   "",   "",   "",   "",   "",   "",   "",   "",   "",   "",   "",   "",   "",   "",   "",   "",   "",   "",   "",   "",   "",   "",   "",   "",   "",   "",   "",   "",   "",   "",   "",   "",   "",   "",   "",   "",   "",   "",   "",   "",   "",   "",   "",   "",   "",   "",   "",   "",   "",   "",   "",   "",   "",   "",   "",   "",   "",   "",   "",   "",   "",   "",   "",   "",   "",   "",   "",   "",   "",   "",   "",   "",   "",   "",   "",   "",   "",   "",   "",   "",   "",   "",   "",   "",   "",   "",   "",   "",   "",   "",   "",   "",   "",   "",   "",   "",   "",   "",   "",   "",   "",   "",   "",   "",   "",   "",   "",   "",   "",   "",   "",   "",   "",   "",   "",   "",   "",   "",   "",   "",   "",   "",   "",   "",   "",   "",   "",   "",   "",   "",   "",   "",   "",   "",   "",   "",   "",   "",   "",   "",   "",   "",   "",   "",   "",   "",   "",   "",   "",   "",   "",   "",   "",   "",   "",   "",   "",   "",   "",   "",   "",   "",   "",   "",   "",   "",   "",   "",   "",   "",   "",   "",   "",   "",   "",   "",   "",   "",   "",   "",   "",   "",   "",   "",   "",   "",   "",   "",   "",   "",   "",   "",   "",   "",   "",   "",   "",   "",   "",   "",   "",   "",   "",   "",   "",   "",   "",   "",   "",   "",   "",   "",   "",   "",   "",   "",   "",   "",   "",   "",   "",   "",   "",   "",   "",   "",   "",   "",   "",   "",   "",   "",   "",   "",   "",   "",   "",   "",   "",   "",   "",   "",   "",   "",   "",   "",   "",   "",   "",   "",   "",   "",   "",   "",   "",   "",   "",   "",   "",   "",   "",   "",   "",   "",   "",   "",   "",   "",   "",   "",   "",   "",   "",   "",   "",   "",   "",   "",   "",   "",   "",   "",   "",   "",   "",   "",   "",   "",   "",   "",   "",   "",   "",   "",   "",   "",   "",   "",   "",   "",   "",   "",   "",   "",   "",   "",   "",   "",   "",   "",   "",   "",   "",   "",   "",   "",   "",   "",   "",   "",   "",   "",   "",   "",   "",   "",   "",   "",   "",   "",   "",   "",   "",   "",   "",   "",   "",   "",   "",   "",   "",   "",   "",   "",   "",   "",   "",   "",   "",   "",   "",   "",   "",   "",   "",   "",   "",   "",   ""))
			, ID5 = as.character(c( "1",  "1",  "1",  "1",  "1",  "1",  "1",  "2",  "2",  "2",  "2",  "2",  "2",  "2",  "3",  "3",  "3",  "3",  "3",  "3",  "3",  "4",  "4",  "4",  "4",  "4",  "4",  "4",  "5",  "5",  "5",  "5",  "5",  "5",  "5",  "6",  "6",  "6",  "6",  "6",  "6",  "6",  "7",  "7",  "7",  "7",  "7",  "7",  "7",  "8",  "8",  "8",  "8",  "8",  "8",  "8",  "9",  "9",  "9",  "9",  "9",  "9",  "9", "10", "10", "10", "10", "10", "10", "10", "11", "11", "11", "11", "11", "11", "11", "12", "12", "12", "12", "12", "12", "12", "13", "13", "13", "13", "13", "13", "13", "14", "14", "14", "14", "14", "14", "14", "15", "15", "15", "15", "15", "15", "15", "16", "16", "16", "16", "16", "16", "16", "17", "17", "17", "17", "17", "17", "17", "18", "18", "18", "18", "18", "18", "18", "19", "19", "19", "19", "19", "19", "19", "20", "20", "20", "20", "20", "20", "20", "21", "21", "21", "21", "21", "21", "21", "22", "22", "22", "22", "22", "22", "22", "23", "23", "23", "23", "23", "23", "23", "24", "24", "24", "24", "24", "24", "24", "25", "25", "25", "25", "25", "25", "25", "26", "26", "26", "26", "26", "26", "26", "27", "27", "27", "27", "27", "27", "27", "28", "28", "28", "28", "28", "28", "28", "29", "29", "29", "29", "29", "29", "29", "30", "30", "30", "30", "30", "30", "30", "31", "31", "31", "31", "31", "31", "31", "32", "32", "32", "32", "32", "32", "32", "33", "33", "33", "33", "33", "33", "33", "34", "34", "34", "34", "34", "34", "34", "35", "35", "35", "35", "35", "35", "35", "36", "36", "36", "36", "36", "36", "36", "37", "37", "37", "37", "37", "37", "37", "38", "38", "38", "38", "38", "38", "38", "39", "39", "39", "39", "39", "39", "39", "40", "40", "40", "40", "40", "40", "40", "41", "41", "41", "41", "41", "41", "41", "42", "42", "42", "42", "42", "42", "42", "43", "43", "43", "43", "43", "43", "43", "44", "44", "44", "44", "44", "44", "44", "45", "45", "45", "45", "45", "45", "45", "46", "46", "46", "46", "46", "46", "46", "47", "47", "47", "47", "47", "47", "47", "48", "48", "48", "48", "48", "48", "48", "49", "49", "49", "49", "49", "49", "49", "50", "50", "50", "50", "50", "50", "50", "51", "51", "51", "51", "51", "51", "51", "52", "52", "52", "52", "52", "52", "52", "53", "53", "53", "53", "53", "53", "53", "54", "54", "54", "54", "54", "54", "54", "55", "55", "55", "55", "55", "55", "55", "56", "56", "56", "56", "56", "56", "56", "57", "57", "57", "57", "57", "57", "57", "58", "58", "58", "58", "58", "58", "58", "59", "59", "59", "59", "59", "59", "59", "60", "60", "60", "60", "60", "60", "60"))
			, IVAR = c(0.64, 1.99, 6.43, 12.03, 22.28, 48.91, 80.15, 0.58, 2.03, 7.46, 12.58, 22.36, 51.02, 87.44, 0.44, 2.06, 5.74, 12, 24.18, 45.25, 90.69, 0.49, 2.25, 5.15, 12.73, 24.81, 53.38, 93.12, 0.52, 2.05, 5.68, 13.54, 26.95, 51.48, 112.51, 0.53, 1.76, 5.67, 10.62, 22.89, 45.11, 96.41, 0.46, 2.03, 5.62, 14.32, 25.78, 52.57, 99.76, 0.59, 1.88, 5.73, 13.85, 22.49, 47.01, 92.3, 0.48, 1.94, 6.3, 11.79, 22.82, 54.9, 93.96, 0.49, 1.98, 6.44, 11.91, 23.91, 44.84, 92.94, 0.5, 1.89, 6.33, 10.31, 24.75, 41.16, 93.15, 0.47, 1.87, 5.97, 9.91, 27, 40.64, 91.65, 0.45, 1.86, 7.39, 12.02, 21.1, 40.74, 100.42, 0.5, 1.94, 5.47, 10.34, 21.55, 53.05, 90.22, 0.44, 2.41, 6.26, 11.72, 26.68, 52.45, 90.24, 0.62, 1.95, 5.2, 11.83, 24.5, 60.46, 97.02, 0.52, 1.98, 5.8, 11.96, 25.97, 59.07, 106.39, 0.56, 1.77, 6.62, 12.27, 20.72, 50.57, 94.49, 0.58, 1.85, 5.75, 10.94, 23.58, 49.97, 89.23, 0.54, 1.77, 5.4, 13.86, 21.68, 50.02, 92.41, 0.52, 2.37, 7.03, 11.61, 19.1, 61.62, 102.62, 0.53, 2, 6.31, 11.8, 25.03, 46.12, 83.71, 0.55, 2.33, 5.82, 10.59, 25.59, 47.79, 80.72, 0.5, 1.88, 5.8, 10.69, 28.74, 46.44, 81.76, 0.51, 2.05, 5.44, 8.99, 22.51, 50.82, 95.43, 0.5, 2.12, 5.33, 13.39, 23.99, 51.52, 106.46, 0.51, 1.83, 6.74, 9.82, 22.73, 46.79, 94.42, 0.55, 2.03, 6.25, 11.92, 23.41, 51.46, 107.66, 0.39, 2.12, 6.23, 11.5, 26.39, 46.17, 93.31, 0.54, 2.38, 6.16, 11.5, 21.31, 46.44, 87.39, 0.49, 2.08, 5.51, 15.64, 24.38, 53.74, 76.36, 0.54, 1.75, 6.58, 12.49, 23.04, 54.8, 89.5, 0.47, 1.81, 5.61, 13.19, 25.06, 53.08, 92.33, 0.52, 2.05, 5.2, 14.34, 24.32, 51.82, 105.62, 0.5, 1.94, 6.56, 10.81, 29.23, 46.19, 113.27, 0.58, 2.02, 6.35, 10.83, 24.79, 53.28, 96.96, 0.48, 1.87, 5.98, 13.35, 22.87, 47.42, 84.35, 0.53, 2.28, 6.97, 13.02, 19.91, 50.37, 100.48, 0.48, 2.03, 5.5, 12.84, 23.23, 41.03, 92.54, 0.57, 1.93, 6.46, 13.19, 24.01, 46.34, 91.05, 0.54, 1.8, 6.15, 11.66, 19.14, 41.69, 105.21, 0.49, 2.17, 7.25, 13.91, 25.68, 49.86, 94.17, 0.59, 2.12, 5.34, 11.81, 19.81, 47.07, 74.08, 0.57, 1.88, 5.75, 11.8, 25.52, 51.37, 101.61, 0.47, 1.75, 5.77, 12.34, 22.1, 47.67, 85.42, 0.5, 2.03, 5.91, 11.8, 28.63, 51.8, 107.29, 0.46, 2.03, 6.73, 11.93, 19.4, 49.68, 79.35, 0.46, 2.28, 6.38, 13.38, 24.75, 47.47, 87.52, 0.59, 2.01, 5.59, 13.08, 26.72, 58.02, 90.38, 0.48, 1.92, 5.78, 11.57, 23.3, 55.44, 89.53, 0.48, 2.13, 6.71, 11.11, 22.81, 50.58, 106.28, 0.49, 1.73, 7.12, 13.85, 22.35, 47.69, 80.51, 0.53, 2.35, 5.09, 11.1, 22.51, 44.84, 78.34, 0.53, 1.72, 5.99, 12.73, 23.53, 52.48, 95.75, 0.47, 2.13, 5.75, 14.33, 23.96, 52.27, 97.99, 0.37, 1.74, 5.75, 12.29, 18.99, 52.85, 90.37, 0.46, 1.71, 5.19, 12.07, 25.25, 38.92, 86.83, 0.53, 1.91, 7.45, 13.59, 25.47, 48.02, 98.72, 0.47, 2.13, 6.96, 13.37, 22.13, 40.83, 94.95, 0.52, 2.29, 5.26, 12.45, 24.57, 54.09, 95.73)
			, TAD = c(0.64, 1.99, 6.43, 12.03, 22.28, 48.91, 80.15, 0.58, 2.03, 7.46, 12.58, 22.36, 51.02, 87.44, 0.44, 2.06, 5.74, 12, 24.18, 45.25, 90.69, 0.49, 2.25, 5.15, 12.73, 24.81, 53.38, 93.12, 0.52, 2.05, 5.68, 13.54, 26.95, 51.48, 112.51, 0.53, 1.76, 5.67, 10.62, 22.89, 45.11, 96.41, 0.46, 2.03, 5.62, 14.32, 25.78, 52.57, 99.76, 0.59, 1.88, 5.73, 13.85, 22.49, 47.01, 92.3, 0.48, 1.94, 6.3, 11.79, 22.82, 54.9, 93.96, 0.49, 1.98, 6.44, 11.91, 23.91, 44.84, 92.94, 0.5, 1.89, 6.33, 10.31, 24.75, 41.16, 93.15, 0.47, 1.87, 5.97, 9.91, 27, 40.64, 91.65, 0.45, 1.86, 7.39, 12.02, 21.1, 40.74, 100.42, 0.5, 1.94, 5.47, 10.34, 21.55, 53.05, 90.22, 0.44, 2.41, 6.26, 11.72, 26.68, 52.45, 90.24, 0.62, 1.95, 5.2, 11.83, 24.5, 60.46, 97.02, 0.52, 1.98, 5.8, 11.96, 25.97, 59.07, 106.39, 0.56, 1.77, 6.62, 12.27, 20.72, 50.57, 94.49, 0.58, 1.85, 5.75, 10.94, 23.58, 49.97, 89.23, 0.54, 1.77, 5.4, 13.86, 21.68, 50.02, 92.41, 0.52, 2.37, 7.03, 11.61, 19.1, 61.62, 102.62, 0.53, 2, 6.31, 11.8, 25.03, 46.12, 83.71, 0.55, 2.33, 5.82, 10.59, 25.59, 47.79, 80.72, 0.5, 1.88, 5.8, 10.69, 28.74, 46.44, 81.76, 0.51, 2.05, 5.44, 8.99, 22.51, 50.82, 95.43, 0.5, 2.12, 5.33, 13.39, 23.99, 51.52, 106.46, 0.51, 1.83, 6.74, 9.82, 22.73, 46.79, 94.42, 0.55, 2.03, 6.25, 11.92, 23.41, 51.46, 107.66, 0.39, 2.12, 6.23, 11.5, 26.39, 46.17, 93.31, 0.54, 2.38, 6.16, 11.5, 21.31, 46.44, 87.39, 0.49, 2.08, 5.51, 15.64, 24.38, 53.74, 76.36, 0.54, 1.75, 6.58, 12.49, 23.04, 54.8, 89.5, 0.47, 1.81, 5.61, 13.19, 25.06, 53.08, 92.33, 0.52, 2.05, 5.2, 14.34, 24.32, 51.82, 105.62, 0.5, 1.94, 6.56, 10.81, 29.23, 46.19, 113.27, 0.58, 2.02, 6.35, 10.83, 24.79, 53.28, 96.96, 0.48, 1.87, 5.98, 13.35, 22.87, 47.42, 84.35, 0.53, 2.28, 6.97, 13.02, 19.91, 50.37, 100.48, 0.48, 2.03, 5.5, 12.84, 23.23, 41.03, 92.54, 0.57, 1.93, 6.46, 13.19, 24.01, 46.34, 91.05, 0.54, 1.8, 6.15, 11.66, 19.14, 41.69, 105.21, 0.49, 2.17, 7.25, 13.91, 25.68, 49.86, 94.17, 0.59, 2.12, 5.34, 11.81, 19.81, 47.07, 74.08, 0.57, 1.88, 5.75, 11.8, 25.52, 51.37, 101.61, 0.47, 1.75, 5.77, 12.34, 22.1, 47.67, 85.42, 0.5, 2.03, 5.91, 11.8, 28.63, 51.8, 107.29, 0.46, 2.03, 6.73, 11.93, 19.4, 49.68, 79.35, 0.46, 2.28, 6.38, 13.38, 24.75, 47.47, 87.52, 0.59, 2.01, 5.59, 13.08, 26.72, 58.02, 90.38, 0.48, 1.92, 5.78, 11.57, 23.3, 55.44, 89.53, 0.48, 2.13, 6.71, 11.11, 22.81, 50.58, 106.28, 0.49, 1.73, 7.12, 13.85, 22.35, 47.69, 80.51, 0.53, 2.35, 5.09, 11.1, 22.51, 44.84, 78.34, 0.53, 1.72, 5.99, 12.73, 23.53, 52.48, 95.75, 0.47, 2.13, 5.75, 14.33, 23.96, 52.27, 97.99, 0.37, 1.74, 5.75, 12.29, 18.99, 52.85, 90.37, 0.46, 1.71, 5.19, 12.07, 25.25, 38.92, 86.83, 0.53, 1.91, 7.45, 13.59, 25.47, 48.02, 98.72, 0.47, 2.13, 6.96, 13.37, 22.13, 40.83, 94.95, 0.52, 2.29, 5.26, 12.45, 24.57, 54.09, 95.73)
