dmp.txt <- structure(
	.Data = list(
		"coefficients" = list(
			"fixed" = c("CMultStdev" = 0.526922277220305, "tvVmax" = 1277.94957553483, "tvKm" = 1466.92030729804, "tvV" = 13.5762938033924, "tvKa" = 1.22132430694032, "dVdWT" = 0.961698371033991, "CEps" = 0.500013486102125)
			, "random" = list("Subject" = matrix(
				as.numeric(c(
					 0.184240879103154,  -0.120785441551829,  -0.0471566987970515
					,  0.0267069032704469,  -0.0504137033435992,  0.25260094236418
					,  0.350211095865948,  0.107788032504563,  -0.0636523216183811
					,  0.0326269343880745,  -0.206990319932367,  -0.162201824092342
					,  -0.0162813512459397,  0.116640098577382,  -0.207669253293511
					,  0.0810137126342063,  -0.361265367775912,  -0.112692415932672
					,  0.190350292359369,  -0.546945129999856,  0.117864066117567
					,  -0.18172009636875,  0.113424793290606,  -0.182963965602901
					,  0.226136128310425,  0.387747698552569,  0.250717872011179
					,  -0.56320424413078,  0.345473019686216,  0.629365284291181
					,  -0.585287098295027,  -0.0266997444044408,  0.350508296685516
					,  0.0289175562855951,  -0.111765575987456,  0.500673943583532
					,  -0.316964313903196,  0.407260290965001,  0.487874830875489
					,  0.405860966074509,  0.174761892413111,  0.379696765979635
					,  0.242428117692387,  -0.707317376670516,  -0.108532352790579
					,  -0.126278388192892,  -0.477556336388945,  0.084324818531429
					,  0.1407814801853,  -0.0154067278822641,  -0.215337306208354
					,  0.204403095262286,  -0.0916993657100208,  0.405367493479274
					,  -0.108810923551571,  0.0297552576604714,  -0.129198976455866
					,  -0.0602176490080031,  0.126118309857177,  -0.0868118353295302
					,  -0.983330075823553,  0.049602549728158,  0.137974327301706
					,  -0.608697422065785,  -0.00273499275841128,  -0.0507680172509792
					,  0.285482383485234,  -0.158537903046653,  0.111639690870749
					,  -0.277653700152691,  -0.00706383398441929,  0.53411760873627
					,  0.0758183092740779,  0.366701324044568,  -0.0704167010732795
					,  0.0392123195991985,  0.311979627305485,  -0.231502511843536
					,  -0.126169034325346,  -0.232483409378354,  0.295815561222941
					,  -0.287152579028959,  0.00899939553227887,  -0.262040825381485
					,  0.0729152899429655,  0.239842686204752,  -0.538974271368068
					,  -0.342168478014843,  0.220053936625528,  -0.060660424785628
					,  -0.650388099396479,  0.365435722242353,  0.241362840276738
					,  -0.188425954147073,  0.21024317180911,  0.378463558251341
					,  -0.0874461728545547,  0.437526116523973,  -0.024495591935166
					,  -0.662693228032282,  -0.748116562940564,  0.231891518138941
					,  0.0375315252500322,  0.000689286769336431,  0.249063549625086
					,  0.193442295998314,  -0.546867401920478,  0.260122833164379
					,  -0.0561967521854872,  0.444834398978326,  0.447645196017669
					,  -0.370704629728443,  -0.222321300337701,  0.108975360793947
					,  0.535932405231626,  0.181993361952953,  -0.366390006644178
					,  -0.372030009567674,  0.170544155259232,  -0.139130738575472
					))
				, nrow = 60, ncol = 2
				, dimnames = list(
					as.character(c( "1", "2", "3", "4", "5", "6", "7", "8", "9", "10"
					  , "11", "12", "13", "14", "15", "16", "17", "18", "19", "20"
					  , "21", "22", "23", "24", "25", "26", "27", "28", "29", "30"
					  , "31", "32", "33", "34", "35", "36", "37", "38", "39", "40"
					  , "41", "42", "43", "44", "45", "46", "47", "48", "49", "50"
					  , "51", "52", "53", "54", "55", "56", "57", "58", "59", "60"))
					, as.character(c("nVmax", "nV"))
					)
				))
			)
		, "logLik" = c(-3902.9)
		, "nObs" = c(420)
		, "nSubj" = c(60)
		, "nParm" = c(9)
		, "returnCode" = c(1)
		, "omega" = matrix(
			as.numeric(c(0.110470050598741, 0, 0, 0.150686378685272))
			, nrow = 2, ncol = 2
			, dimnames = list(
				as.character(c("nVmax", "nV"))
				, as.character(c("nVmax", "nV"))
				)
			)
		, "eta" = matrix(
			as.numeric(c(0.0231635794065538, -0.0238284720398379, 0.0793312549222532, 0.11228377057554, 0.281658046081154, 0.335087705795871, 0.152577705093638, 0.136779995834905))
			, nrow = 2, ncol = 4
			, dimnames = list(
				as.character(c("nVmax", "nV"))
				, as.character(c("mean", "var", "sd", "shrinkage"))
				)
			)
		, "eta_shrinkage" = list("Subject" = matrix(
			as.numeric(c(
				 0.0169156242902523,  0.386353976256531,  0.243488567538613
				,  0.0934529961491383,  0.116948719805886,  0.0487343009406306
				,  0.089902940924485,  0.117259526378915,  0.302625916655618
				,  0.0877714489245147,  0.493936192384499,  0.584544134928024
				,  0.136179638911663,  0.11203456082047,  0.465512852131892
				,  0.110801676666258,  0.511706063740883,  0.255890453430123
				,  0.103085713774074,  0.698307175344583,  0.178722297655135
				,  0.434144638115047,  0.211848560178709,  0.326505499509348
				,  0.0984357405273379,  0.0703601413510272,  0.034516070131067
				,  0.465523979895288,  0.0704172783017004,  0.0600036239768374
				,  0.794360738621432,  0.356883014916511,  0.0928080807657067
				,  0.0651345930775253,  0.118754053431529,  0.0717147929015749
				,  0.563759710530546,  0.0890547024475081,  0.0690695579382772
				,  0.0411898739439043,  0.0353048686640735,  0.0703606623939093
				,  0.218821540024485,  0.780397171000723,  0.412145694553796
				,  0.192359813091877,  0.699306453115569,  0.306449836697511
				,  0.0927491742585919,  0.451035560853966,  0.460949996677228
				,  0.0529634280738682,  0.398793465255895,  0.0518547719960238
				,  0.548836613289514,  0.384930986684744,  0.250596161298518
				,  0.0651852130072111,  0.172407098949153,  0.183478939216698
				,  0.228862363003368,  0.263214540301657,  0.258170380510094
				,  0.251057070103938,  0.246928686844345,  0.223648500407352
				,  0.239149936944702,  0.250507431419152,  0.264383697893219
				,  0.24599160554805,  0.254880612015804,  0.256179732386366
				,  0.247208662036195,  0.253514130105686,  0.26173676930151
				,  0.255928519006526,  0.257595872683492,  0.258397907797447
				,  0.250804376896094,  0.241991661297276,  0.261387445823242
				,  0.25888923860823,  0.265077498110144,  0.259227834436832
				,  0.245672253306717,  0.217312296917334,  0.212563023381887
				,  0.24647115350239,  0.232269321430587,  0.197511856288865
				,  0.237500205545931,  0.268075843171021,  0.246457593634382
				,  0.238628532896952,  0.245873638356086,  0.221511261538017
				,  0.252355709688351,  0.233311535091957,  0.218782404637839
				,  0.19344105692318,  0.20752900554093,  0.231365334906308
				,  0.268359132386441,  0.236713323509295,  0.261216909869582
				,  0.255397914310063,  0.241477566522883,  0.26721023729116
				,  0.255737482313647,  0.268933607692305,  0.25817006507402
				,  0.243866024163763,  0.260236344419094,  0.208887835845065
				,  0.263819767083342,  0.266577262966271,  0.253930081778517
				,  0.243442258080396,  0.25246693640148,  0.258332350517734
				))
			, nrow = 60, ncol = 2
			, dimnames = list(
				as.character(c( "1", "2", "3", "4", "5", "6", "7", "8", "9", "10"
				  , "11", "12", "13", "14", "15", "16", "17", "18", "19", "20"
				  , "21", "22", "23", "24", "25", "26", "27", "28", "29", "30"
				  , "31", "32", "33", "34", "35", "36", "37", "38", "39", "40"
				  , "41", "42", "43", "44", "45", "46", "47", "48", "49", "50"
				  , "51", "52", "53", "54", "55", "56", "57", "58", "59", "60"))
				, as.character(c("nVmax_shrinkage", "nV_shrinkage"))
				)
			))
		, "sigma" = matrix(
			as.numeric(c(0.250013486284))
			, nrow = 1, ncol = 1
			, dimnames = list(
				as.character(c("CEps"))
				, as.character(c("CEps"))
				)
			)
		, "method" = "FOCE-ELS"
		, "varFix" = matrix(
			as.numeric(c(0.00113352553424891, 0.22448862138037, -1.77852547552846, 0.0179836893124553, 0.000537780132532629, -0.000448902601711293, -0.0107889732568266, 0.22448862138037, 15393.6587346957, 36400.3255370415, -20.9091950558072, -0.0935807937507981, -4.68329701308732, 9.14295426696687, -1.77852547552846, 36400.3255370415, 127570.744022231, -82.3501395098445, -4.3342139596918, -22.6173766000897, 35.5253751611842, 0.0179836893124553, -20.9091950558072, -82.3501395098445, 1.16881255769101, 0.0204677075847729, -0.0624867336323297, 0.055638781163948, 0.000537780132532629, -0.0935807937507981, -4.3342139596918, 0.0204677075847729, 0.0069581480378153, 0.00318280583959928, 0.023381800482937, -0.000448902601711293, -4.68329701308732, -22.6173766000897, -0.0624867336323297, 0.00318280583959928, 0.120706902996033, -0.106412470388579, -0.0107889732568266, 9.14295426696687, 35.5253751611842, 0.055638781163948, 0.023381800482937, -0.106412470388579, 4.34282924776216))
			, nrow = 7, ncol = 7
			, dimnames = list(
				as.character(c("CMultStdev", "tvVmax", "tvKm", "tvV", "tvKa", "dVdWT", "CEps"))
				, as.character(c("CMultStdev", "tvVmax", "tvKm", "tvV", "tvKa", "dVdWT", "CEps"))
				)
			)
		, "omegaSE" = matrix(
			as.numeric(c(0.030538612558319, 0, 0, 0.0421310777326148))
			, nrow = 2, ncol = 2, byrow = TRUE
			, dimnames = list(
				as.character(c("nVmax", "nV"))
				, as.character(c("nVmax", "nV"))
				)
			)
		, "Covariance" = matrix(
			as.numeric(c(0.0011335255, 0.22448862, -1.7785255, 0.017983689, 0.00053778013, -0.0004489026, -0.010788973, 2.0270131e-005,         0, 3.8423564e-005, 0.22448862, 15393.659, 36400.326, -20.909195, -0.093580794, -4.683297, 9.1429543, 1.9475342,         0, 0.15788733, -1.7785255, 36400.326, 127570.74, -82.35014, -4.334214, -22.617377, 35.525375, 4.6744048,         0, 1.2594699, 0.017983689, -20.909195, -82.35014, 1.1688126, 0.020467708, -0.062486734, 0.055638781, -0.00010098203,         0, 0.01898192, 0.00053778013, -0.093580794, -4.334214, 0.020467708, 0.006958148, 0.0031828058, 0.0233818, 0.00036049011,         0, 0.00046467481, -0.0004489026, -4.683297, -22.617377, -0.062486734, 0.0031828058, 0.1207069, -0.10641247, 0.00061791166,         0, -0.0021978725, -0.010788973, 9.1429543, 35.525375, 0.055638781, 0.0233818, -0.10641247, 4.3428292, 0.00062541593,         0, 0.0031907835, 2.0270131e-005, 1.9475342, 4.6744048, -0.00010098203, 0.00036049011, 0.00061791166, 0.00062541593, 0.00093260686,         0, 5.8504047e-005,         0,         0,         0,         0,         0,         0,         0,         0,         0,         0, 3.8423564e-005, 0.15788733, 1.2594699, 0.01898192, 0.00046467481, -0.0021978725, 0.0031907835, 5.8504047e-005,         0, 0.0017750277))
			, nrow = 10, ncol = 10
			, dimnames = list(
				as.character(c("CMultStdev", "tvVmax", "tvKm", "tvV", "tvKa", "dVdWT", "stdev0", "nVmax-nVmax", "nV-nVmax", "nV-nV"))
				, as.character(c("CMultStdev", "tvVmax", "tvKm", "tvV", "tvKa", "dVdWT", "stdev0", "nVmax-nVmax", "nV-nVmax", "nV-nV"))
				)
			)
		, "Correlation" = matrix(
			as.numeric(c(0.033667871, 0.053741249, -0.14790024, 0.49407252, 0.19148831, -0.038376946, -0.15377229, 0.019714765,         0, 0.027088155, 0.053741249, 124.07118, 0.82140775, -0.15588128, -0.0090420929, -0.10864624, 0.035361383, 0.51400206,         0, 0.030204648, -0.14790024, 0.82140775, 357.17047, -0.21326342, -0.14547487, -0.18226389, 0.047728386, 0.42854997,         0, 0.083696959, 0.49407252, -0.15588128, -0.21326342, 1.0811163, 0.22696032, -0.16636016, 0.024695555, -0.0030585978,         0, 0.41673994, 0.19148831, -0.0090420929, -0.14547487, 0.22696032, 0.083415514,  0.109824, 0.13450696, 0.14151329,         0, 0.13222078, -0.038376946, -0.10864624, -0.18226389, -0.16636016,  0.109824, 0.34742899, -0.14697386, 0.058238614,         0, -0.15015295, -0.15377229, 0.035361383, 0.047728386, 0.024695555, 0.13450696, -0.14697386, 2.0839456, 0.0098272785,         0, 0.036341963, 0.019714765, 0.51400206, 0.42854997, -0.0030585978, 0.14151329, 0.058238614, 0.0098272785, 0.030538613,         0, 0.045470951,         0,         0,         0,         0,         0,         0,         0,         0,         0,         0, 0.027088155, 0.030204648, 0.083696959, 0.41673994, 0.13222078, -0.15015295, 0.036341963, 0.045470951,         0, 0.042131078))
			, nrow = 10, ncol = 10
			, dimnames = list(
				as.character(c("CMultStdev", "tvVmax", "tvKm", "tvV", "tvKa", "dVdWT", "stdev0", "nVmax-nVmax", "nV-nVmax", "nV-nV"))
				, as.character(c("CMultStdev", "tvVmax", "tvKm", "tvV", "tvKa", "dVdWT", "stdev0", "nVmax-nVmax", "nV-nVmax", "nV-nV"))
				)
			)
		, "Inverse" = matrix(
			as.numeric(c(1448.6505, -0.19392294, 0.050768824, -25.037159, -44.825245, 2.6002459, 4.0383437, 115.30319,         0,  221.5065, -0.19392294, 0.00025399967, -6.7579401e-005, 0.0029713181, -0.022236092, -0.000654857, -0.00037926264, -0.17846559,         0, 0.0093548649, 0.050768824, -6.7579401e-005, 2.9683563e-005, 0.00032169522, 0.01341755, 0.0026911374, 3.1466081e-005, -0.014501149,         0, -0.01934887, -25.037159, 0.0029713181, 0.00032169522, 1.6377356, -1.3776059, 0.65653236, -0.055956383, -5.9574471,         0, -15.99381, -44.825245, -0.022236092, 0.01341755, -1.3776059,  172.2665, -5.0930392, -1.169122, -80.005272,         0, -38.504729, 2.6002459, -0.000654857, 0.0026911374, 0.65653236, -5.0930392, 9.6265514, 0.23988436, -16.956118,         0, 4.4522987, 4.0383437, -0.00037926264, 3.1466081e-005, -0.055956383, -1.169122, 0.23988436, 0.2531604, 0.6228917,         0, 0.64985873, 115.30319, -0.17846559, -0.014501149, -5.9574471, -80.005272, -16.956118, 0.6228917, 1554.0261,         0, 34.985008,         0,         0,         0,         0,         0,         0,         0,         0,         0,         0,  221.5065, 0.0093548649, -0.01934887, -15.99381, -38.504729, 4.4522987, 0.64985873, 34.985008,         0, 755.78081))
			, nrow = 10, ncol = 10
			, dimnames = list(
				as.character(c("CMultStdev", "tvVmax", "tvKm", "tvV", "tvKa", "dVdWT", "stdev0", "nVmax-nVmax", "nV-nVmax", "nV-nV"))
				, as.character(c("CMultStdev", "tvVmax", "tvKm", "tvV", "tvKa", "dVdWT", "stdev0", "nVmax-nVmax", "nV-nVmax", "nV-nV"))
				)
			)
		, "LLTable" = data.frame(
			id = as.character(c( "1", "2", "3", "4", "5", "6", "7", "8", "9", "10", "11", "12", "13", "14", "15", "16", "17", "18", "19", "20", "21", "22", "23", "24", "25", "26", "27", "28", "29", "30", "31", "32", "33", "34", "35", "36", "37", "38", "39", "40", "41", "42", "43", "44", "45", "46", "47", "48", "49", "50", "51", "52", "53", "54", "55", "56", "57", "58", "59", "60"))
			, "LL" = c(-75.399209, -64.798484, -65.429428, -68.482323, -65.055472, -64.335039, -61.617059, -63.000716, -62.742617, -67.761756, -63.944413, -61.957644, -64.135463, -64.935063, -64.261312, -64.531454, -64.010035, -65.044436, -63.843643, -67.725513, -59.922893, -67.194969, -63.693338, -73.366149, -63.396078, -60.238047, -68.855228, -72.679606, -62.384295, -61.27846, -73.239282, -61.818152, -62.61379, -64.602478, -64.690814, -60.827693, -65.972179, -59.553482, -60.475352, -66.859386, -71.08243, -61.139736, -62.985658, -70.193172, -64.031913, -64.067222, -73.292347, -60.977878, -67.627753, -60.177379, -62.137199, -70.385781, -65.396134, -61.727806, -59.446601, -61.23638, -68.747857, -68.938334, -64.51437, -68.120865)
			) # end of LLTable
		, "residuals" = data.frame(
			  ID1 = as.character(c(  "",   "",   "",   "",   "",   "",   "",   "",   "",   "",   "",   "",   "",   "",   "",   "",   "",   "",   "",   "",   "",   "",   "",   "",   "",   "",   "",   "",   "",   "",   "",   "",   "",   "",   "",   "",   "",   "",   "",   "",   "",   "",   "",   "",   "",   "",   "",   "",   "",   "",   "",   "",   "",   "",   "",   "",   "",   "",   "",   "",   "",   "",   "",   "",   "",   "",   "",   "",   "",   "",   "",   "",   "",   "",   "",   "",   "",   "",   "",   "",   "",   "",   "",   "",   "",   "",   "",   "",   "",   "",   "",   "",   "",   "",   "",   "",   "",   "",   "",   "",   "",   "",   "",   "",   "",   "",   "",   "",   "",   "",   "",   "",   "",   "",   "",   "",   "",   "",   "",   "",   "",   "",   "",   "",   "",   "",   "",   "",   "",   "",   "",   "",   "",   "",   "",   "",   "",   "",   "",   "",   "",   "",   "",   "",   "",   "",   "",   "",   "",   "",   "",   "",   "",   "",   "",   "",   "",   "",   "",   "",   "",   "",   "",   "",   "",   "",   "",   "",   "",   "",   "",   "",   "",   "",   "",   "",   "",   "",   "",   "",   "",   "",   "",   "",   "",   "",   "",   "",   "",   "",   "",   "",   "",   "",   "",   "",   "",   "",   "",   "",   "",   "",   "",   "",   "",   "",   "",   "",   "",   "",   "",   "",   "",   "",   "",   "",   "",   "",   "",   "",   "",   "",   "",   "",   "",   "",   "",   "",   "",   "",   "",   "",   "",   "",   "",   "",   "",   "",   "",   "",   "",   "",   "",   "",   "",   "",   "",   "",   "",   "",   "",   "",   "",   "",   "",   "",   "",   "",   "",   "",   "",   "",   "",   "",   "",   "",   "",   "",   "",   "",   "",   "",   "",   "",   "",   "",   "",   "",   "",   "",   "",   "",   "",   "",   "",   "",   "",   "",   "",   "",   "",   "",   "",   "",   "",   "",   "",   "",   "",   "",   "",   "",   "",   "",   "",   "",   "",   "",   "",   "",   "",   "",   "",   "",   "",   "",   "",   "",   "",   "",   "",   "",   "",   "",   "",   "",   "",   "",   "",   "",   "",   "",   "",   "",   "",   "",   "",   "",   "",   "",   "",   "",   "",   "",   "",   "",   "",   "",   "",   "",   "",   "",   "",   "",   "",   "",   "",   "",   "",   "",   "",   "",   "",   "",   "",   "",   "",   "",   "",   "",   "",   "",   "",   "",   "",   "",   "",   "",   "",   "",   "",   "",   "",   "",   "",   "",   "",   "",   "",   "",   "",   "",   "",   "",   "",   "",   "",   "",   "",   "",   "",   "",   "",   "",   "",   "",   "",   "",   "",   "",   "",   "",   "",   "",   "",   "",   "",   "",   "",   ""))
			, ID2 = as.character(c(  "",   "",   "",   "",   "",   "",   "",   "",   "",   "",   "",   "",   "",   "",   "",   "",   "",   "",   "",   "",   "",   "",   "",   "",   "",   "",   "",   "",   "",   "",   "",   "",   "",   "",   "",   "",   "",   "",   "",   "",   "",   "",   "",   "",   "",   "",   "",   "",   "",   "",   "",   "",   "",   "",   "",   "",   "",   "",   "",   "",   "",   "",   "",   "",   "",   "",   "",   "",   "",   "",   "",   "",   "",   "",   "",   "",   "",   "",   "",   "",   "",   "",   "",   "",   "",   "",   "",   "",   "",   "",   "",   "",   "",   "",   "",   "",   "",   "",   "",   "",   "",   "",   "",   "",   "",   "",   "",   "",   "",   "",   "",   "",   "",   "",   "",   "",   "",   "",   "",   "",   "",   "",   "",   "",   "",   "",   "",   "",   "",   "",   "",   "",   "",   "",   "",   "",   "",   "",   "",   "",   "",   "",   "",   "",   "",   "",   "",   "",   "",   "",   "",   "",   "",   "",   "",   "",   "",   "",   "",   "",   "",   "",   "",   "",   "",   "",   "",   "",   "",   "",   "",   "",   "",   "",   "",   "",   "",   "",   "",   "",   "",   "",   "",   "",   "",   "",   "",   "",   "",   "",   "",   "",   "",   "",   "",   "",   "",   "",   "",   "",   "",   "",   "",   "",   "",   "",   "",   "",   "",   "",   "",   "",   "",   "",   "",   "",   "",   "",   "",   "",   "",   "",   "",   "",   "",   "",   "",   "",   "",   "",   "",   "",   "",   "",   "",   "",   "",   "",   "",   "",   "",   "",   "",   "",   "",   "",   "",   "",   "",   "",   "",   "",   "",   "",   "",   "",   "",   "",   "",   "",   "",   "",   "",   "",   "",   "",   "",   "",   "",   "",   "",   "",   "",   "",   "",   "",   "",   "",   "",   "",   "",   "",   "",   "",   "",   "",   "",   "",   "",   "",   "",   "",   "",   "",   "",   "",   "",   "",   "",   "",   "",   "",   "",   "",   "",   "",   "",   "",   "",   "",   "",   "",   "",   "",   "",   "",   "",   "",   "",   "",   "",   "",   "",   "",   "",   "",   "",   "",   "",   "",   "",   "",   "",   "",   "",   "",   "",   "",   "",   "",   "",   "",   "",   "",   "",   "",   "",   "",   "",   "",   "",   "",   "",   "",   "",   "",   "",   "",   "",   "",   "",   "",   "",   "",   "",   "",   "",   "",   "",   "",   "",   "",   "",   "",   "",   "",   "",   "",   "",   "",   "",   "",   "",   "",   "",   "",   "",   "",   "",   "",   "",   "",   "",   "",   "",   "",   "",   "",   "",   "",   "",   "",   "",   "",   "",   "",   "",   "",   "",   "",   "",   "",   "",   "",   "",   "",   "",   "",   "",   ""))
			, ID3 = as.character(c(  "",   "",   "",   "",   "",   "",   "",   "",   "",   "",   "",   "",   "",   "",   "",   "",   "",   "",   "",   "",   "",   "",   "",   "",   "",   "",   "",   "",   "",   "",   "",   "",   "",   "",   "",   "",   "",   "",   "",   "",   "",   "",   "",   "",   "",   "",   "",   "",   "",   "",   "",   "",   "",   "",   "",   "",   "",   "",   "",   "",   "",   "",   "",   "",   "",   "",   "",   "",   "",   "",   "",   "",   "",   "",   "",   "",   "",   "",   "",   "",   "",   "",   "",   "",   "",   "",   "",   "",   "",   "",   "",   "",   "",   "",   "",   "",   "",   "",   "",   "",   "",   "",   "",   "",   "",   "",   "",   "",   "",   "",   "",   "",   "",   "",   "",   "",   "",   "",   "",   "",   "",   "",   "",   "",   "",   "",   "",   "",   "",   "",   "",   "",   "",   "",   "",   "",   "",   "",   "",   "",   "",   "",   "",   "",   "",   "",   "",   "",   "",   "",   "",   "",   "",   "",   "",   "",   "",   "",   "",   "",   "",   "",   "",   "",   "",   "",   "",   "",   "",   "",   "",   "",   "",   "",   "",   "",   "",   "",   "",   "",   "",   "",   "",   "",   "",   "",   "",   "",   "",   "",   "",   "",   "",   "",   "",   "",   "",   "",   "",   "",   "",   "",   "",   "",   "",   "",   "",   "",   "",   "",   "",   "",   "",   "",   "",   "",   "",   "",   "",   "",   "",   "",   "",   "",   "",   "",   "",   "",   "",   "",   "",   "",   "",   "",   "",   "",   "",   "",   "",   "",   "",   "",   "",   "",   "",   "",   "",   "",   "",   "",   "",   "",   "",   "",   "",   "",   "",   "",   "",   "",   "",   "",   "",   "",   "",   "",   "",   "",   "",   "",   "",   "",   "",   "",   "",   "",   "",   "",   "",   "",   "",   "",   "",   "",   "",   "",   "",   "",   "",   "",   "",   "",   "",   "",   "",   "",   "",   "",   "",   "",   "",   "",   "",   "",   "",   "",   "",   "",   "",   "",   "",   "",   "",   "",   "",   "",   "",   "",   "",   "",   "",   "",   "",   "",   "",   "",   "",   "",   "",   "",   "",   "",   "",   "",   "",   "",   "",   "",   "",   "",   "",   "",   "",   "",   "",   "",   "",   "",   "",   "",   "",   "",   "",   "",   "",   "",   "",   "",   "",   "",   "",   "",   "",   "",   "",   "",   "",   "",   "",   "",   "",   "",   "",   "",   "",   "",   "",   "",   "",   "",   "",   "",   "",   "",   "",   "",   "",   "",   "",   "",   "",   "",   "",   "",   "",   "",   "",   "",   "",   "",   "",   "",   "",   "",   "",   "",   "",   "",   "",   "",   "",   "",   "",   "",   "",   "",   "",   "",   "",   ""))
			, ID4 = as.character(c(  "",   "",   "",   "",   "",   "",   "",   "",   "",   "",   "",   "",   "",   "",   "",   "",   "",   "",   "",   "",   "",   "",   "",   "",   "",   "",   "",   "",   "",   "",   "",   "",   "",   "",   "",   "",   "",   "",   "",   "",   "",   "",   "",   "",   "",   "",   "",   "",   "",   "",   "",   "",   "",   "",   "",   "",   "",   "",   "",   "",   "",   "",   "",   "",   "",   "",   "",   "",   "",   "",   "",   "",   "",   "",   "",   "",   "",   "",   "",   "",   "",   "",   "",   "",   "",   "",   "",   "",   "",   "",   "",   "",   "",   "",   "",   "",   "",   "",   "",   "",   "",   "",   "",   "",   "",   "",   "",   "",   "",   "",   "",   "",   "",   "",   "",   "",   "",   "",   "",   "",   "",   "",   "",   "",   "",   "",   "",   "",   "",   "",   "",   "",   "",   "",   "",   "",   "",   "",   "",   "",   "",   "",   "",   "",   "",   "",   "",   "",   "",   "",   "",   "",   "",   "",   "",   "",   "",   "",   "",   "",   "",   "",   "",   "",   "",   "",   "",   "",   "",   "",   "",   "",   "",   "",   "",   "",   "",   "",   "",   "",   "",   "",   "",   "",   "",   "",   "",   "",   "",   "",   "",   "",   "",   "",   "",   "",   "",   "",   "",   "",   "",   "",   "",   "",   "",   "",   "",   "",   "",   "",   "",   "",   "",   "",   "",   "",   "",   "",   "",   "",   "",   "",   "",   "",   "",   "",   "",   "",   "",   "",   "",   "",   "",   "",   "",   "",   "",   "",   "",   "",   "",   "",   "",   "",   "",   "",   "",   "",   "",   "",   "",   "",   "",   "",   "",   "",   "",   "",   "",   "",   "",   "",   "",   "",   "",   "",   "",   "",   "",   "",   "",   "",   "",   "",   "",   "",   "",   "",   "",   "",   "",   "",   "",   "",   "",   "",   "",   "",   "",   "",   "",   "",   "",   "",   "",   "",   "",   "",   "",   "",   "",   "",   "",   "",   "",   "",   "",   "",   "",   "",   "",   "",   "",   "",   "",   "",   "",   "",   "",   "",   "",   "",   "",   "",   "",   "",   "",   "",   "",   "",   "",   "",   "",   "",   "",   "",   "",   "",   "",   "",   "",   "",   "",   "",   "",   "",   "",   "",   "",   "",   "",   "",   "",   "",   "",   "",   "",   "",   "",   "",   "",   "",   "",   "",   "",   "",   "",   "",   "",   "",   "",   "",   "",   "",   "",   "",   "",   "",   "",   "",   "",   "",   "",   "",   "",   "",   "",   "",   "",   "",   "",   "",   "",   "",   "",   "",   "",   "",   "",   "",   "",   "",   "",   "",   "",   "",   "",   "",   "",   "",   "",   "",   "",   "",   "",   "",   "",   "",   "",   ""))
			, ID5 = as.character(c( "1",  "1",  "1",  "1",  "1",  "1",  "1",  "2",  "2",  "2",  "2",  "2",  "2",  "2",  "3",  "3",  "3",  "3",  "3",  "3",  "3",  "4",  "4",  "4",  "4",  "4",  "4",  "4",  "5",  "5",  "5",  "5",  "5",  "5",  "5",  "6",  "6",  "6",  "6",  "6",  "6",  "6",  "7",  "7",  "7",  "7",  "7",  "7",  "7",  "8",  "8",  "8",  "8",  "8",  "8",  "8",  "9",  "9",  "9",  "9",  "9",  "9",  "9", "10", "10", "10", "10", "10", "10", "10", "11", "11", "11", "11", "11", "11", "11", "12", "12", "12", "12", "12", "12", "12", "13", "13", "13", "13", "13", "13", "13", "14", "14", "14", "14", "14", "14", "14", "15", "15", "15", "15", "15", "15", "15", "16", "16", "16", "16", "16", "16", "16", "17", "17", "17", "17", "17", "17", "17", "18", "18", "18", "18", "18", "18", "18", "19", "19", "19", "19", "19", "19", "19", "20", "20", "20", "20", "20", "20", "20", "21", "21", "21", "21", "21", "21", "21", "22", "22", "22", "22", "22", "22", "22", "23", "23", "23", "23", "23", "23", "23", "24", "24", "24", "24", "24", "24", "24", "25", "25", "25", "25", "25", "25", "25", "26", "26", "26", "26", "26", "26", "26", "27", "27", "27", "27", "27", "27", "27", "28", "28", "28", "28", "28", "28", "28", "29", "29", "29", "29", "29", "29", "29", "30", "30", "30", "30", "30", "30", "30", "31", "31", "31", "31", "31", "31", "31", "32", "32", "32", "32", "32", "32", "32", "33", "33", "33", "33", "33", "33", "33", "34", "34", "34", "34", "34", "34", "34", "35", "35", "35", "35", "35", "35", "35", "36", "36", "36", "36", "36", "36", "36", "37", "37", "37", "37", "37", "37", "37", "38", "38", "38", "38", "38", "38", "38", "39", "39", "39", "39", "39", "39", "39", "40", "40", "40", "40", "40", "40", "40", "41", "41", "41", "41", "41", "41", "41", "42", "42", "42", "42", "42", "42", "42", "43", "43", "43", "43", "43", "43", "43", "44", "44", "44", "44", "44", "44", "44", "45", "45", "45", "45", "45", "45", "45", "46", "46", "46", "46", "46", "46", "46", "47", "47", "47", "47", "47", "47", "47", "48", "48", "48", "48", "48", "48", "48", "49", "49", "49", "49", "49", "49", "49", "50", "50", "50", "50", "50", "50", "50", "51", "51", "51", "51", "51", "51", "51", "52", "52", "52", "52", "52", "52", "52", "53", "53", "53", "53", "53", "53", "53", "54", "54", "54", "54", "54", "54", "54", "55", "55", "55", "55", "55", "55", "55", "56", "56", "56", "56", "56", "56", "56", "57", "57", "57", "57", "57", "57", "57", "58", "58", "58", "58", "58", "58", "58", "59", "59", "59", "59", "59", "59", "59", "60", "60", "60", "60", "60", "60", "60"))
			, IVAR = c(0.64, 1.99, 6.43, 12.03, 22.28, 48.91, 80.15, 0.58, 2.03, 7.46, 12.58, 22.36, 51.02, 87.44, 0.44, 2.06, 5.74, 12, 24.18, 45.25, 90.69, 0.49, 2.25, 5.15, 12.73, 24.81, 53.38, 93.12, 0.52, 2.05, 5.68, 13.54, 26.95, 51.48, 112.51, 0.53, 1.76, 5.67, 10.62, 22.89, 45.11, 96.41, 0.46, 2.03, 5.62, 14.32, 25.78, 52.57, 99.76, 0.59, 1.88, 5.73, 13.85, 22.49, 47.01, 92.3, 0.48, 1.94, 6.3, 11.79, 22.82, 54.9, 93.96, 0.49, 1.98, 6.44, 11.91, 23.91, 44.84, 92.94, 0.5, 1.89, 6.33, 10.31, 24.75, 41.16, 93.15, 0.47, 1.87, 5.97, 9.91, 27, 40.64, 91.65, 0.45, 1.86, 7.39, 12.02, 21.1, 40.74, 100.42, 0.5, 1.94, 5.47, 10.34, 21.55, 53.05, 90.22, 0.44, 2.41, 6.26, 11.72, 26.68, 52.45, 90.24, 0.62, 1.95, 5.2, 11.83, 24.5, 60.46, 97.02, 0.52, 1.98, 5.8, 11.96, 25.97, 59.07, 106.39, 0.56, 1.77, 6.62, 12.27, 20.72, 50.57, 94.49, 0.58, 1.85, 5.75, 10.94, 23.58, 49.97, 89.23, 0.54, 1.77, 5.4, 13.86, 21.68, 50.02, 92.41, 0.52, 2.37, 7.03, 11.61, 19.1, 61.62, 102.62, 0.53, 2, 6.31, 11.8, 25.03, 46.12, 83.71, 0.55, 2.33, 5.82, 10.59, 25.59, 47.79, 80.72, 0.5, 1.88, 5.8, 10.69, 28.74, 46.44, 81.76, 0.51, 2.05, 5.44, 8.99, 22.51, 50.82, 95.43, 0.5, 2.12, 5.33, 13.39, 23.99, 51.52, 106.46, 0.51, 1.83, 6.74, 9.82, 22.73, 46.79, 94.42, 0.55, 2.03, 6.25, 11.92, 23.41, 51.46, 107.66, 0.39, 2.12, 6.23, 11.5, 26.39, 46.17, 93.31, 0.54, 2.38, 6.16, 11.5, 21.31, 46.44, 87.39, 0.49, 2.08, 5.51, 15.64, 24.38, 53.74, 76.36, 0.54, 1.75, 6.58, 12.49, 23.04, 54.8, 89.5, 0.47, 1.81, 5.61, 13.19, 25.06, 53.08, 92.33, 0.52, 2.05, 5.2, 14.34, 24.32, 51.82, 105.62, 0.5, 1.94, 6.56, 10.81, 29.23, 46.19, 113.27, 0.58, 2.02, 6.35, 10.83, 24.79, 53.28, 96.96, 0.48, 1.87, 5.98, 13.35, 22.87, 47.42, 84.35, 0.53, 2.28, 6.97, 13.02, 19.91, 50.37, 100.48, 0.48, 2.03, 5.5, 12.84, 23.23, 41.03, 92.54, 0.57, 1.93, 6.46, 13.19, 24.01, 46.34, 91.05, 0.54, 1.8, 6.15, 11.66, 19.14, 41.69, 105.21, 0.49, 2.17, 7.25, 13.91, 25.68, 49.86, 94.17, 0.59, 2.12, 5.34, 11.81, 19.81, 47.07, 74.08, 0.57, 1.88, 5.75, 11.8, 25.52, 51.37, 101.61, 0.47, 1.75, 5.77, 12.34, 22.1, 47.67, 85.42, 0.5, 2.03, 5.91, 11.8, 28.63, 51.8, 107.29, 0.46, 2.03, 6.73, 11.93, 19.4, 49.68, 79.35, 0.46, 2.28, 6.38, 13.38, 24.75, 47.47, 87.52, 0.59, 2.01, 5.59, 13.08, 26.72, 58.02, 90.38, 0.48, 1.92, 5.78, 11.57, 23.3, 55.44, 89.53, 0.48, 2.13, 6.71, 11.11, 22.81, 50.58, 106.28, 0.49, 1.73, 7.12, 13.85, 22.35, 47.69, 80.51, 0.53, 2.35, 5.09, 11.1, 22.51, 44.84, 78.34, 0.53, 1.72, 5.99, 12.73, 23.53, 52.48, 95.75, 0.47, 2.13, 5.75, 14.33, 23.96, 52.27, 97.99, 0.37, 1.74, 5.75, 12.29, 18.99, 52.85, 90.37, 0.46, 1.71, 5.19, 12.07, 25.25, 38.92, 86.83, 0.53, 1.91, 7.45, 13.59, 25.47, 48.02, 98.72, 0.47, 2.13, 6.96, 13.37, 22.13, 40.83, 94.95, 0.52, 2.29, 5.26, 12.45, 24.57, 54.09, 95.73)
			, TAD = c(0.64, 1.99, 6.43, 12.03, 22.28, 48.91, 80.15, 0.58, 2.03, 7.46, 12.58, 22.36, 51.02, 87.44, 0.44, 2.06, 5.74, 12, 24.18, 45.25, 90.69, 0.49, 2.25, 5.15, 12.73, 24.81, 53.38, 93.12, 0.52, 2.05, 5.68, 13.54, 26.95, 51.48, 112.51, 0.53, 1.76, 5.67, 10.62, 22.89, 45.11, 96.41, 0.46, 2.03, 5.62, 14.32, 25.78, 52.57, 99.76, 0.59, 1.88, 5.73, 13.85, 22.49, 47.01, 92.3, 0.48, 1.94, 6.3, 11.79, 22.82, 54.9, 93.96, 0.49, 1.98, 6.44, 11.91, 23.91, 44.84, 92.94, 0.5, 1.89, 6.33, 10.31, 24.75, 41.16, 93.15, 0.47, 1.87, 5.97, 9.91, 27, 40.64, 91.65, 0.45, 1.86, 7.39, 12.02, 21.1, 40.74, 100.42, 0.5, 1.94, 5.47, 10.34, 21.55, 53.05, 90.22, 0.44, 2.41, 6.26, 11.72, 26.68, 52.45, 90.24, 0.62, 1.95, 5.2, 11.83, 24.5, 60.46, 97.02, 0.52, 1.98, 5.8, 11.96, 25.97, 59.07, 106.39, 0.56, 1.77, 6.62, 12.27, 20.72, 50.57, 94.49, 0.58, 1.85, 5.75, 10.94, 23.58, 49.97, 89.23, 0.54, 1.77, 5.4, 13.86, 21.68, 50.02, 92.41, 0.52, 2.37, 7.03, 11.61, 19.1, 61.62, 102.62, 0.53, 2, 6.31, 11.8, 25.03, 46.12, 83.71, 0.55, 2.33, 5.82, 10.59, 25.59, 47.79, 80.72, 0.5, 1.88, 5.8, 10.69, 28.74, 46.44, 81.76, 0.51, 2.05, 5.44, 8.99, 22.51, 50.82, 95.43, 0.5, 2.12, 5.33, 13.39, 23.99, 51.52, 106.46, 0.51, 1.83, 6.74, 9.82, 22.73, 46.79, 94.42, 0.55, 2.03, 6.25, 11.92, 23.41, 51.46, 107.66, 0.39, 2.12, 6.23, 11.5, 26.39, 46.17, 93.31, 0.54, 2.38, 6.16, 11.5, 21.31, 46.44, 87.39, 0.49, 2.08, 5.51, 15.64, 24.38, 53.74, 76.36, 0.54, 1.75, 6.58, 12.49, 23.04, 54.8, 89.5, 0.47, 1.81, 5.61, 13.19, 25.06, 53.08, 92.33, 0.52, 2.05, 5.2, 14.34, 24.32, 51.82, 105.62, 0.5, 1.94, 6.56, 10.81, 29.23, 46.19, 113.27, 0.58, 2.02, 6.35, 10.83, 24.79, 53.28, 96.96, 0.48, 1.87, 5.98, 13.35, 22.87, 47.42, 84.35, 0.53, 2.28, 6.97, 13.02, 19.91, 50.37, 100.48, 0.48, 2.03, 5.5, 12.84, 23.23, 41.03, 92.54, 0.57, 1.93, 6.46, 13.19, 24.01, 46.34, 91.05, 0.54, 1.8, 6.15, 11.66, 19.14, 41.69, 105.21, 0.49, 2.17, 7.25, 13.91, 25.68, 49.86, 94.17, 0.59, 2.12, 5.34, 11.81, 19.81, 47.07, 74.08, 0.57, 1.88, 5.75, 11.8, 25.52, 51.37, 101.61, 0.47, 1.75, 5.77, 12.34, 22.1, 47.67, 85.42, 0.5, 2.03, 5.91, 11.8, 28.63, 51.8, 107.29, 0.46, 2.03, 6.73, 11.93, 19.4, 49.68, 79.35, 0.46, 2.28, 6.38, 13.38, 24.75, 47.47, 87.52, 0.59, 2.01, 5.59, 13.08, 26.72, 58.02, 90.38, 0.48, 1.92, 5.78, 11.57, 23.3, 55.44, 89.53, 0.48, 2.13, 6.71, 11.11, 22.81, 50.58, 106.28, 0.49, 1.73, 7.12, 13.85, 22.35, 47.69, 80.51, 0.53, 2.35, 5.09, 11.1, 22.51, 44.84, 78.34, 0.53, 1.72, 5.99, 12.73, 23.53, 52.48, 95.75, 0.47, 2.13, 5.75, 14.33, 23.96, 52.27, 97.99, 0.37, 1.74, 5.75, 12.29, 18.99, 52.85, 90.37, 0.46, 1.71, 5.19, 12.07, 25.25, 38.92, 86.83, 0.53, 1.91, 7.45, 13.59, 25.47, 48.02, 98.72, 0.47, 2.13, 6.96, 13.37, 22.13, 40.83, 94.95, 0.52, 2.29, 5.26, 12.45, 24.57, 54.09, 95.73)
			, PRED = c(  4464.01,   7417.36,   7748.14,   7254.35,   6359.76,   4157.51,   1951.78,   3581.83,   6384.88,   6575.36,   6197.74,   5487.43,   3529.83,   1487.44,   3572.31,   7784.73,    8131.1,   7555.69,    6442.5,   4604.92,   1364.22,   2425.96,   4968.52,   5149.37,   4754.36,    4125.7,   2744.68,    1202.6,   3225.72,   6217.67,   6514.38,   5959.14,   5024.97,   3422.14,   596.044,   4078.22,      7479,    8110.9,   7659.29,   6538.78,   4604.02,   1078.32,   2862.88,   6020.48,   6325.58,   5733.13,   4962.95,   3276.76,   989.855,   3258.81,    5645.3,      6030,   5506.92,   4955.69,   3473.53,   1260.27,   2907.06,   5866.92,   6183.59,   5814.69,   5082.27,   3101.94,   1200.91,   3490.02,   6967.54,   7289.02,   6840.18,   5867.99,   4252.45,   1250.09,   2501.55,   4873.45,   5174.95,   4960.09,   4190.88,   3359.96,   1204.85,   2963.95,   6022.24,   6422.17,   6147.89,   4968.38,   4070.09,   1295.72,   3486.22,   7303.14,   7664.79,   7255.23,   6461.65,   4810.46,   913.911,   5105.33,   9993.35,   10586.7,   9987.13,   8593.71,   4886.77,   1384.99,   2450.74,   5491.09,    5569.3,   5246.65,   4378.32,   2986.53,   1320.16,   3911.64,   6608.59,   7026.91,   6522.57,   5555.45,    3031.1,   1077.83,   3446.93,   6594.59,   6948.52,   6477.54,   5417.33,   3108.05,   742.239,   3023.03,   5345.65,   5747.48,   5398.09,   4881.86,   3170.53,   1175.91,   3168.74,    5531.9,   5931.69,   5604.72,    4812.4,   3261.85,   1374.32,   3151.48,   5715.07,   6216.39,   5655.57,   5139.16,   3375.32,   1260.03,   2882.94,   5701.73,   5748.33,   5463.07,   5001.57,   2604.08,   910.539,   2997.33,   5671.73,   5939.35,      5588,   4754.22,   3497.52,   1601.16,   3522.86,   6677.47,    6826.4,   6469.96,   5356.16,   3800.77,   1824.08,   4896.83,   9516.08,   10121.6,   9543.16,   7420.11,   5433.37,   2013.12,   3011.69,   5886.87,   6184.28,   5953.69,   5061.75,   3315.81,    1145.7,   3379.32,   6742.62,    7037.9,   6419.17,   5608.37,   3627.36,   736.702,   3490.64,   6647.13,   7061.94,   6817.46,    5802.6,   4011.86,   1184.58,   4737.54,   8754.91,   9114.48,   8512.48,    7303.1,   4509.25,   558.443,   3041.35,   7309.53,   7556.22,   7106.94,   5854.36,   4274.11,   1232.42,   3258.59,   6277.25,   6377.66,   6006.33,   5329.57,   3687.14,   1474.54,   2537.21,   5121.43,   5366.46,   4803.69,   4324.59,   2823.07,   1824.54,   3599.38,      6506,   7005.86,   6542.05,   5725.15,   3428.89,    1406.1,   2967.71,   5981.09,   6453.29,   5924.89,   5105.58,   3297.49,   1268.18,   3470.76,   6688.94,   7036.56,   6337.13,   5576.22,    3603.1,   764.287,   4356.11,   8528.69,   8936.29,   8492.81,   6600.86,   4942.79,   398.853,   4017.93,   7153.27,   7457.37,   7080.59,   5919.55,   3702.29,   1069.26,   3499.11,   6998.63,   7453.97,   6838.49,   6051.28,   4121.84,   1684.66,   3522.81,   6829.35,   6918.51,   6447.85,   5917.89,   3705.53,   943.276,   2628.39,   5358.45,   5641.12,   5208.07,   4598.82,   3601.15,   1239.96,   3168.05,    5653.5,   5957.67,   5524.17,   4838.64,   3498.47,   1306.97,   3645.24,   6637.94,   7127.12,    6689.5,   6098.17,   4388.75,   769.093,   3459.82,   7034.61,   7161.92,   6620.05,   5680.61,   3857.27,   1194.72,   3282.09,   5834.47,   6094.92,   5678.16,   5160.15,   3490.37,   2049.01,   3296.09,   5845.42,   6240.85,   5834.88,   4923.15,   3315.63,   929.674,   3645.63,   7279.94,   7900.33,   7315.81,   6451.52,   4299.34,   1648.89,   3825.72,   7565.85,   7913.46,   7386.91,      5902,   3981.79,   652.853,   2932.11,   6165.71,   6403.07,   6035.71,   5513.08,   3515.87,   1852.35,   2714.71,   5833.57,   5955.72,   5505.68,   4787.25,   3430.62,   1445.44,   3836.73,   6745.44,   7098.46,   6513.57,   5459.66,   3221.14,    1365.5,   2739.96,    5517.3,   5862.55,   5502.27,   4777.54,   2937.55,   1359.46,   3006.27,    6185.5,   6364.42,   6055.95,   5246.32,   3442.85,   774.524,   3705.96,   7156.16,   7676.68,   7083.31,   6344.36,   4248.03,   1928.93,   3265.38,   6361.43,   6541.53,   6124.87,   5324.05,   3835.55,   1906.36,   4330.15,   7890.86,   8578.86,   7915.11,   6860.56,   4193.61,   1096.29,   2428.15,   5076.46,   5283.68,   4813.49,   4293.01,   2863.48,   1057.18,   1821.27,   4362.46,   4762.07,   4447.51,   4126.45,   2616.62,   1266.99,   3376.21,   6807.12,   7479.36,   6915.59,   5833.03,   4751.91,    1551.2,   4257.03,   7967.58,    8297.2,   7701.15,   6567.55,   4520.41,   959.465,   2866.02,   5989.18,   6147.72,    5715.3,   5133.38,    3942.2,    1163.7,   3529.38,   6939.69,   7150.56,   6590.14,   5645.61,   3495.56,   1128.87)
