dmp.txt <- structure(
	.Data = list(
		"coefficients" = list(
			"fixed" = c("CMultStdev" = 0.501645793673544, "tvVmax" = 1327.91742754283, "tvKm" = 1136.84555024891, "tvV" = 13.2704108015198, "tvKa" = 1.15452870247151, "dVdWT" = 0.943291514220099, "CEps" = 0.308502167366106)
			, "random" = list("Subject" = matrix(
				as.numeric(c(
					 0.404337191535659,  -0.168110460266193,  -0.0736480839365931
					,  -0.134587494234117,  0.0731077609931841,  0.0320616047370234
					,  -0.0507568421136052,  -0.113039550315839,  0.133848348144531
					,  -0.000772244801987753,  0.246019735894593,  0.225590728290992
					,  -0.0941363313939535,  -0.0362836517995002,  -0.536314781656946
					,  0.130557623017578,  -0.356187551183985,  -0.0193609995206385
					,  -0.156989250957003,  0.45167788899216,  0.509919891879778
					,  0.00324425927112476,  0.110295455109219,  -0.0550002725711531
					,  0.341343381394903,  0.1082049539987,  0.163976359747767
					,  -0.421952193072228,  -0.20650634947634,  0.0282792481794521
					,  -0.192133353783678,  0.354076728594935,  -0.540274359414167
					,  -0.116755659591706,  0.059690287461356,  0.192099674974418
					,  0.134241240851567,  -0.133920282742664,  0.386293993362346
					,  0.69377038970027,  -0.196718344980031,  -0.147409374811246
					,  -0.0585636488248739,  0.163326445427855,  0.314936826124369
					,  -0.101940897550314,  -0.192868137003776,  0.294957275571493
					,  0.263186202567117,  0.034796832787802,  -0.322514435264157
					,  -0.162918392374864,  -0.246723809942773,  -0.566748952577603
					,  -0.00275726582024763,  0.102223750012776,  0.6517308456017
					,  -0.285855048959343,  -0.429002512887629,  0.318563090290075
					,  -0.143019077260129,  -0.335229352556918,  0.158780852329081
					,  0.568434777723382,  -0.255989933319309,  -0.212388991960023
					,  0.300059593527689,  0.493210102263099,  -0.391936076903895
					,  -0.0845339860614463,  0.0802011442930335,  -0.334692487154629
					,  0.0649943479633513,  -0.0157933005627696,  -0.750211159008193
					,  0.0553799263982562,  -0.420818761635185,  -0.112812314960935
					,  0.0110376577313651,  0.0576591010302441,  -0.309834926430327
					,  0.457006502391707,  0.258391076916128,  0.281683652372281
					,  0.419457879204152,  0.361184664296384,  -0.119739096420824
					,  0.334037946125483,  -0.597998916553374,  0.306559599807623
					,  -0.623087317974601,  0.311195002116063,  -0.323604528813743
					,  0.436754011621669,  0.0373699746422529,  0.446295562812287
					,  -0.480136044888196,  -0.412278825776382,  0.300900984002044
					,  -0.0955980317572316,  0.299826719140595,  -0.418864455259061
					,  0.0785657509599613,  0.246921433054487,  0.302399606196774
					,  0.0882107181586899,  0.196793224941217,  0.162845882281188
					,  0.141985177759918,  0.0370518976343319,  -0.80870677144715
					,  -0.173113854664357,  0.250021003646118,  -0.471376770986608
					,  -0.0979737050933712,  0.0694015525976709,  -0.16342509139021
					,  -0.284509450738378,  -0.423969713889099,  0.033501873831503
					,  -0.0258337027570679,  0.0027824024332378,  0.00225522761874598
					,  0.00539700546361628,  0.00544257298589037,  -0.00240873009704462
					,  -1.40548437459128e-005,  0.0049763624969311,  -0.00207038280457302
					,  0.00167574718213785,  -0.0184265895031433,  -0.00791942998145554
					,  0.00320490553023297,  0.00199810721464238,  0.00692256122594271
					,  -0.00127635032319617,  0.00508376669438387,  0.00238411575602973
					,  0.00403254801127291,  -0.0234365068417455,  -0.0123227813425917
					,  0.00152564327020985,  -0.0036388796701123,  0.000417032151885931
					,  -0.010470879888444,  -0.0147377991759286,  -0.00350369354518503
					,  0.00942432242938955,  0.00319597238970592,  0.000150108168392262
					,  0.00275182822523524,  -0.0130023020243041,  0.00786798426569469
					,  0.00465203204538792,  0.0017908751003873,  -0.00307108893395728
					,  -0.0053205573781407,  -0.00131822179444184,  -0.0193657981657156
					,  -0.021689907844079,  0.00473059027271306,  0.00287990861621733
					,  0.000969305895382948,  -0.00398287226393006,  -0.00516665296449937
					,  0.00525648043897594,  0.00547234180450174,  -0.00906840719495707
					,  -0.00152231768793367,  3.12162570968663e-005,  0.0046268942698852
					,  0.00380381356611835,  0.00608793885755782,  0.00575238012644974
					,  0.0015272227467431,  -0.000717448848909106,  -0.0472615490959345
					,  0.00491230284937215,  0.00718769883638146,  -0.0214052082414931
					))
				, nrow = 60, ncol = 3
				, dimnames = list(
					as.character(c( "1", "2", "3", "4", "5", "6", "7", "8", "9", "10"
					  , "11", "12", "13", "14", "15", "16", "17", "18", "19", "20"
					  , "21", "22", "23", "24", "25", "26", "27", "28", "29", "30"
					  , "31", "32", "33", "34", "35", "36", "37", "38", "39", "40"
					  , "41", "42", "43", "44", "45", "46", "47", "48", "49", "50"
					  , "51", "52", "53", "54", "55", "56", "57", "58", "59", "60"))
					, as.character(c("nVmax", "nKm", "nV"))
					)
				))
			)
		, "logLik" = c(-3858.96)
		, "nObs" = c(420)
		, "nSubj" = c(60)
		, "nParm" = c(10)
		, "returnCode" = c(1)
		, "omega" = matrix(
			as.numeric(c(0.0989098792111519, 0, 0, 0, 0.14475256189261, 0, 0, 0, 0.00982639388377642))
			, nrow = 3, ncol = 3
			, dimnames = list(
				as.character(c("nVmax", "nKm", "nV"))
				, as.character(c("nVmax", "nKm", "nV"))
				)
			)
		, "eta" = matrix(
			as.numeric(c(0.0134267913447598, -0.020225395728272, -0.00246304830026301, 0.076045902315053, 0.109161242928172, 0.000105377976703579, 0.275764215073408, 0.330395585515563, 0.0102653775723827, 0.123164604263639, 0.131597416943925, 0.896443385580298))
			, nrow = 3, ncol = 4
			, dimnames = list(
				as.character(c("nVmax", "nKm", "nV"))
				, as.character(c("mean", "var", "sd", "shrinkage"))
				)
			)
		, "eta_shrinkage" = list("Subject" = matrix(
			as.numeric(c(
				 0.0442880988618282,  0.20773518653754,  0.166016459863191
				,  0.497846113211309,  0.0514361039042146,  0.0395533144624472
				,  0.18566004305487,  0.399911216228418,  0.0405232570312754
				,  0.0786923865847905,  0.0875456615686866,  0.0454673069130812
				,  0.102830290048304,  0.0625189446363331,  0.559038361593019
				,  0.059378610426303,  0.173206454910693,  0.116454168462808
				,  0.306226970838519,  0.0696152493232888,  0.0544970125138295
				,  0.365194105683827,  0.18170820638031,  0.213149937016521
				,  0.0934438818877006,  0.0859206265765473,  0.0484461768405142
				,  0.36407911036533,  0.109705558109608,  0.22428703763663
				,  0.364141361849676,  0.0702933172016188,  0.58709093949628
				,  0.206601143075448,  0.0508515759592082,  0.0889512416896977
				,  0.0301935249243303,  0.060444434875941,  0.0912723357783938
				,  0.0712593359005315,  0.226775029615242,  0.0944943286285288
				,  0.406793629829128,  0.0854323277104614,  0.0671445719295493
				,  0.0786441180794124,  0.496762413858832,  0.0802491717680139
				,  0.0601032886332835,  0.14320374720809,  0.092293153502888
				,  0.2975008261369,  0.58504315234142,  0.505295188528559
				,  0.112304528735879,  0.162161882401596,  0.0804526166697554
				,  0.168027433592143,  0.424505580066588,  0.0585187148789534
				,  0.195219139135094,  0.247387518265998,  0.243043762412242
				,  0.254160882777372,  0.203312951196162,  0.220689939779857
				,  0.246761731863553,  0.250877918566134,  0.214501529385154
				,  0.233122162503661,  0.224665732376516,  0.206799714574869
				,  0.233309303900405,  0.235388777605841,  0.236765222174593
				,  0.226049870622825,  0.243003743231327,  0.239575602630862
				,  0.249335175263609,  0.192270521940286,  0.15149408444191
				,  0.25550255380366,  0.251941799297681,  0.250492166527478
				,  0.223578029101418,  0.225312514566621,  0.214491636846004
				,  0.241989566641527,  0.238627895223932,  0.248620498167977
				,  0.254654347894439,  0.219791729817418,  0.236573725751403
				,  0.24502229895249,  0.204261784789697,  0.230261271140526
				,  0.220045361725761,  0.231581348136204,  0.217621776483479
				,  0.149614503255853,  0.239343161716479,  0.238982080641895
				,  0.252881090642629,  0.225873926228474,  0.222255418063326
				,  0.231833839624171,  0.248545550465202,  0.227517991563689
				,  0.222867293878709,  0.248201812617509,  0.235363062769957
				,  0.249489964760973,  0.243286072950214,  0.235768735073116
				,  0.239115063605471,  0.247032172417791,  0.161021262223598
				,  0.241020532969348,  0.237516561220871,  0.1968846271831
				,  0.980819174983361,  0.997301680213367,  0.994831030651381
				,  0.993098554289681,  0.984989041124214,  0.992746098952191
				,  0.991268008733604,  0.993297044116649,  0.989089263437824
				,  0.993679881520572,  0.985456333735208,  0.987490644216354
				,  0.993698673054141,  0.995722742059406,  0.999355809425543
				,  0.987865590933969,  0.99753412646456,  0.992942344512776
				,  0.995679018620428,  0.97410412111334,  0.934016182784241
				,  0.99301195899903,  0.992729022624205,  0.99626768359261
				,  0.980712483770143,  0.985525133365176,  0.988450446498135
				,  0.996824663573749,  0.998000940267036,  0.992374565849701
				,  0.998511631151959,  0.98205921108341,  0.999034059018962
				,  0.991319254876406,  0.985832833323429,  0.985639529628656
				,  0.993661181257837,  0.995620168273319,  0.980605743415214
				,  0.94934140163651,  0.993483007659576,  0.996799218172506
				,  0.996558211354023,  0.985154934145746,  0.985969850073568
				,  0.992411862048377,  0.99706913916182,  0.985778543635773
				,  0.985163753235885,  0.992428488493722,  0.997996498889303
				,  0.997885610241499,  0.997571445810511,  0.999410365413614
				,  0.991416171270652,  0.98988250700394,  0.962161345834611
				,  0.997708539645906,  0.998543491907711,  0.978369422102078
				))
			, nrow = 60, ncol = 3
			, dimnames = list(
				as.character(c( "1", "2", "3", "4", "5", "6", "7", "8", "9", "10"
				  , "11", "12", "13", "14", "15", "16", "17", "18", "19", "20"
				  , "21", "22", "23", "24", "25", "26", "27", "28", "29", "30"
				  , "31", "32", "33", "34", "35", "36", "37", "38", "39", "40"
				  , "41", "42", "43", "44", "45", "46", "47", "48", "49", "50"
				  , "51", "52", "53", "54", "55", "56", "57", "58", "59", "60"))
				, as.character(c("nVmax_shrinkage", "nKm_shrinkage", "nV_shrinkage"))
				)
			))
		, "sigma" = matrix(
			as.numeric(c(0.0951735872695849))
			, nrow = 1, ncol = 1
			, dimnames = list(
				as.character(c("CEps"))
				, as.character(c("CEps"))
				)
			)
		, "method" = "FOCE-ELS"
		, "varFix" = matrix(
			as.numeric(c(0.000921938433720065, 0.319040108181138, -0.785088718815722, 0.0175557530725443, 0.000483228475535066, -0.000389552105781908, -0.0037390932563712, 0.319040108181138, 20273.7385721587, 49154.401739527, -21.9803897741785, -2.96120154848582, 3.3390676370218, -36.4528741697203, -0.785088718815722, 49154.401739527, 161185.812760669, -60.5606693605791, -12.354821956851, 8.05470591620454, -141.206919519888, 0.0175557530725443, -21.9803897741785, -60.5606693605791, 1.18217138911964, 0.00992704127908947, -0.126865700395912, -0.218355540051305, 0.000483228475535066, -2.96120154848582, -12.354821956851, 0.00992704127908947, 0.00884335006568824, 0.00942351826860717, 0.00513221081254245, -0.000389552105781908, 3.3390676370218, 8.05470591620454, -0.126865700395912, 0.00942351826860717, 0.152401036619356, 0.0318361085948073, -0.0037390932563712, -36.4528741697203, -141.206919519888, -0.218355540051305, 0.00513221081254245, 0.0318361085948073, 0.679511300911094))
			, nrow = 7, ncol = 7
			, dimnames = list(
				as.character(c("CMultStdev", "tvVmax", "tvKm", "tvV", "tvKa", "dVdWT", "CEps"))
				, as.character(c("CMultStdev", "tvVmax", "tvKm", "tvV", "tvKa", "dVdWT", "CEps"))
				)
			)
		, "omegaSE" = matrix(
			as.numeric(c(0.0326434102297799, 0, 0, 0, 0.0503116409616401, 0, 0, 0, 0.0559076668249299))
			, nrow = 3, ncol = 3, byrow = TRUE
			, dimnames = list(
				as.character(c("nVmax", "nKm", "nV"))
				, as.character(c("nVmax", "nKm", "nV"))
				)
			)
		, "Covariance" = matrix(
			as.numeric(c(0.00092193843, 0.31904011, -0.78508872, 0.017555753, 0.00048322848, -0.00038955211, -0.0037390933, 0.0001047731,         0, 0.00012364262,         0,         0, -0.00024474009, 0.31904011, 20273.739, 49154.402, -21.98039, -2.9612015, 3.3390676, -36.452874, 2.2380844,         0, 1.4679244,         0,         0, 2.5118745, -0.78508872, 49154.402, 161185.81, -60.560669, -12.354822, 8.0547059, -141.20692, 7.6012963,         0, 0.74186911,         0,         0, 10.003147, 0.017555753, -21.98039, -60.560669, 1.1821714, 0.0099270413, -0.1268657, -0.21835554, 0.0045963328,         0, 0.012269012,         0,         0, -0.014556898, 0.00048322848, -2.9612015, -12.354822, 0.0099270413, 0.0088433501, 0.0094235183, 0.0051322108, -0.00094501071,         0, -0.00028931916,         0,         0, -0.00018527726, -0.00038955211, 3.3390676, 8.0547059, -0.1268657, 0.0094235183, 0.15240104, 0.031836109, 0.00053142328,         0, -0.0008212489,         0,         0, 0.0013359734, -0.0037390933, -36.452874, -141.20692, -0.21835554, 0.0051322108, 0.031836109, 0.6795113, -0.0023126693,         0, -0.010295596,         0,         0, -0.0066035815, 0.0001047731, 2.2380844, 7.6012963, 0.0045963328, -0.00094501071, 0.00053142328, -0.0023126693, 0.0010655922,         0, -0.00011566,         0,         0, 1.9934995e-005,         0,         0,         0,         0,         0,         0,         0,         0,         0,         0,         0,         0,         0, 0.00012364262, 1.4679244, 0.74186911, 0.012269012, -0.00028931916, -0.0008212489, -0.010295596, -0.00011566,         0, 0.0025312612,         0,         0, -0.00044958279,         0,         0,         0,         0,         0,         0,         0,         0,         0,         0,         0,         0,         0,         0,         0,         0,         0,         0,         0,         0,         0,         0,         0,         0,         0,         0, -0.00024474009, 2.5118745, 10.003147, -0.014556898, -0.00018527726, 0.0013359734, -0.0066035815, 1.9934995e-005,         0, -0.00044958279,         0,         0, 0.0031256672))
			, nrow = 13, ncol = 13
			, dimnames = list(
				as.character(c("CMultStdev", "tvVmax", "tvKm", "tvV", "tvKa", "dVdWT", "stdev0", "nVmax-nVmax", "nKm-nVmax", "nKm-nKm", "nV-nVmax", "nV-nKm", "nV-nV"))
				, as.character(c("CMultStdev", "tvVmax", "tvKm", "tvV", "tvKa", "dVdWT", "stdev0", "nVmax-nVmax", "nKm-nVmax", "nKm-nKm", "nV-nVmax", "nV-nKm", "nV-nV"))
				)
			)
		, "Correlation" = matrix(
			as.numeric(c(0.030363439, 0.073795079, -0.064402744, 0.53177545, 0.16923616, -0.032864016, -0.14938844, 0.10570689,         0, 0.080937309,         0,         0, -0.14417262, 0.073795079, 142.38588, 0.85986859, -0.14198035, -0.2211529, 0.060070927, -0.31057501, 0.48151966,         0, 0.20491242,         0,         0, 0.3155438, -0.064402744, 0.85986859, 401.47953, -0.13873532, -0.32723871, 0.051391622, -0.42667209, 0.58000099,         0, 0.036727841,         0,         0, 0.4456582, 0.53177545, -0.14198035, -0.13873532, 1.0872771, 0.097089261, -0.29888907, -0.24362713, 0.12950178,         0, 0.22428534,         0,         0, -0.23947339, 0.16923616, -0.2211529, -0.32723871, 0.097089261, 0.094039088, 0.25669104, 0.066206059, -0.30784549,         0, -0.061150541,         0,         0, -0.035240522, -0.032864016, 0.060070927, 0.051391622, -0.29888907, 0.25669104, 0.39038575, 0.098929924, 0.041701444,         0, -0.041813099,         0,         0, 0.061211425, -0.14938844, -0.31057501, -0.42667209, -0.24362713, 0.066206059, 0.098929924, 0.82432475, -0.085944812,         0, -0.24824737,         0,         0, -0.143288, 0.10570689, 0.48151966, 0.58000099, 0.12950178, -0.30784549, 0.041701444, -0.085944812, 0.03264341,         0, -0.070423758,         0,         0, 0.010923184,         0,         0,         0,         0,         0,         0,         0,         0,         0,         0,         0,         0,         0, 0.080937309, 0.20491242, 0.036727841, 0.22428534, -0.061150541, -0.041813099, -0.24824737, -0.070423758,         0, 0.050311641,         0,         0, -0.15983424,         0,         0,         0,         0,         0,         0,         0,         0,         0,         0,         0,         0,         0,         0,         0,         0,         0,         0,         0,         0,         0,         0,         0,         0,         0,         0, -0.14417262, 0.3155438, 0.4456582, -0.23947339, -0.035240522, 0.061211425, -0.143288, 0.010923184,         0, -0.15983424,         0,         0, 0.055907667))
			, nrow = 13, ncol = 13
			, dimnames = list(
				as.character(c("CMultStdev", "tvVmax", "tvKm", "tvV", "tvKa", "dVdWT", "stdev0", "nVmax-nVmax", "nKm-nVmax", "nKm-nKm", "nV-nVmax", "nV-nKm", "nV-nV"))
				, as.character(c("CMultStdev", "tvVmax", "tvKm", "tvV", "tvKa", "dVdWT", "stdev0", "nVmax-nVmax", "nKm-nVmax", "nKm-nKm", "nV-nVmax", "nV-nKm", "nV-nV"))
				)
			)
		, "Inverse" = matrix(
			as.numeric(c(1841.7872, -0.27106414, 0.093827895, -29.547691, -20.039268, -17.869345, 9.0452817, -120.49631,         0, 202.52512,         0,         0, -20.383947, -0.27106414, 0.00028086757, -9.7981244e-005, 0.0061522652, -0.03732972, 0.0056613731, -0.006723023, 0.039253301,         0, -0.16952125,         0,         0, 0.051816843, 0.093827895, -9.7981244e-005, 5.4281945e-005, -0.00047896088, 0.021285687, -0.0020548603, 0.0058372873, -0.14982989,         0, 0.045248312,         0,         0, -0.06792685, -29.547691, 0.0061522652, -0.00047896088, 1.8176801, -2.9910953, 1.4231965, 0.41807023, -17.957515,         0, -9.5132521,         0,         0, 1.5842674, -20.039268, -0.03732972, 0.021285687, -2.9910953, 159.10288, -12.832869, 1.5728339, 98.389842,         0, 50.700549,         0,         0, -28.717142, -17.869345, 0.0056613731, -0.0020548603, 1.4231965, -12.832869, 8.5396704, -0.25897293, -18.826525,         0, -9.1195354,         0,         0, 1.1060529, 9.0452817, -0.006723023, 0.0058372873, 0.41807023, 1.5728339, -0.25897293, 2.5236929, -22.228923,         0, 8.4008608,         0,         0, -3.7372782, -120.49631, 0.039253301, -0.14982989, -17.957515, 98.389842, -18.826525, -22.228923, 2076.1179,         0, 183.14633,         0,         0, 334.91019,         0,         0,         0,         0,         0,         0,         0,         0,         0,         0,         0,         0,         0, 202.52512, -0.16952125, 0.045248312, -9.5132521, 50.700549, -9.1195354, 8.4008608, 183.14633,         0, 573.95698,         0,         0, 69.014446,         0,         0,         0,         0,         0,         0,         0,         0,         0,         0,         0,         0,         0,         0,         0,         0,         0,         0,         0,         0,         0,         0,         0,         0,         0,         0, -20.383947, 0.051816843, -0.06792685, 1.5842674, -28.717142, 1.1060529, -3.7372782, 334.91019,         0, 69.014446,         0,         0, 499.18037))
			, nrow = 13, ncol = 13
			, dimnames = list(
				as.character(c("CMultStdev", "tvVmax", "tvKm", "tvV", "tvKa", "dVdWT", "stdev0", "nVmax-nVmax", "nKm-nVmax", "nKm-nKm", "nV-nVmax", "nV-nKm", "nV-nV"))
				, as.character(c("CMultStdev", "tvVmax", "tvKm", "tvV", "tvKa", "dVdWT", "stdev0", "nVmax-nVmax", "nKm-nVmax", "nKm-nKm", "nV-nVmax", "nV-nKm", "nV-nV"))
				)
			)
		, "LLTable" = data.frame(
			id = as.character(c( "1", "2", "3", "4", "5", "6", "7", "8", "9", "10", "11", "12", "13", "14", "15", "16", "17", "18", "19", "20", "21", "22", "23", "24", "25", "26", "27", "28", "29", "30", "31", "32", "33", "34", "35", "36", "37", "38", "39", "40", "41", "42", "43", "44", "45", "46", "47", "48", "49", "50", "51", "52", "53", "54", "55", "56", "57", "58", "59", "60"))
			, "LL" = c(-63.066429, -65.862959, -64.366939, -58.406201, -66.309432, -67.096153, -60.316821, -60.484816, -65.14611, -64.183772, -61.464776, -63.389344, -65.792409, -67.864425, -74.019325, -62.066623, -72.630606, -63.749472, -65.661548, -59.016312, -58.845602, -60.502696, -61.667662, -64.919017, -59.800352, -63.658446, -62.913471, -66.156246, -72.834694, -62.340985, -70.219503, -60.765708, -68.933332, -61.564741, -63.769152, -59.859701, -69.424987, -69.911181, -58.478729, -57.659799, -63.06374, -72.746067, -61.699679, -61.34833, -61.269035, -64.92211, -63.649623, -60.469278, -61.915899, -61.593825, -73.058364, -67.506122, -62.525399, -73.091814, -62.254141, -63.049126, -58.538003, -69.933438, -69.981735, -61.220796)
			) # end of LLTable
		, "residuals" = data.frame(
			  ID1 = as.character(c(  "",   "",   "",   "",   "",   "",   "",   "",   "",   "",   "",   "",   "",   "",   "",   "",   "",   "",   "",   "",   "",   "",   "",   "",   "",   "",   "",   "",   "",   "",   "",   "",   "",   "",   "",   "",   "",   "",   "",   "",   "",   "",   "",   "",   "",   "",   "",   "",   "",   "",   "",   "",   "",   "",   "",   "",   "",   "",   "",   "",   "",   "",   "",   "",   "",   "",   "",   "",   "",   "",   "",   "",   "",   "",   "",   "",   "",   "",   "",   "",   "",   "",   "",   "",   "",   "",   "",   "",   "",   "",   "",   "",   "",   "",   "",   "",   "",   "",   "",   "",   "",   "",   "",   "",   "",   "",   "",   "",   "",   "",   "",   "",   "",   "",   "",   "",   "",   "",   "",   "",   "",   "",   "",   "",   "",   "",   "",   "",   "",   "",   "",   "",   "",   "",   "",   "",   "",   "",   "",   "",   "",   "",   "",   "",   "",   "",   "",   "",   "",   "",   "",   "",   "",   "",   "",   "",   "",   "",   "",   "",   "",   "",   "",   "",   "",   "",   "",   "",   "",   "",   "",   "",   "",   "",   "",   "",   "",   "",   "",   "",   "",   "",   "",   "",   "",   "",   "",   "",   "",   "",   "",   "",   "",   "",   "",   "",   "",   "",   "",   "",   "",   "",   "",   "",   "",   "",   "",   "",   "",   "",   "",   "",   "",   "",   "",   "",   "",   "",   "",   "",   "",   "",   "",   "",   "",   "",   "",   "",   "",   "",   "",   "",   "",   "",   "",   "",   "",   "",   "",   "",   "",   "",   "",   "",   "",   "",   "",   "",   "",   "",   "",   "",   "",   "",   "",   "",   "",   "",   "",   "",   "",   "",   "",   "",   "",   "",   "",   "",   "",   "",   "",   "",   "",   "",   "",   "",   "",   "",   "",   "",   "",   "",   "",   "",   "",   "",   "",   "",   "",   "",   "",   "",   "",   "",   "",   "",   "",   "",   "",   "",   "",   "",   "",   "",   "",   "",   "",   "",   "",   "",   "",   "",   "",   "",   "",   "",   "",   "",   "",   "",   "",   "",   "",   "",   "",   "",   "",   "",   "",   "",   "",   "",   "",   "",   "",   "",   "",   "",   "",   "",   "",   "",   "",   "",   "",   "",   "",   "",   "",   "",   "",   "",   "",   "",   "",   "",   "",   "",   "",   "",   "",   "",   "",   "",   "",   "",   "",   "",   "",   "",   "",   "",   "",   "",   "",   "",   "",   "",   "",   "",   "",   "",   "",   "",   "",   "",   "",   "",   "",   "",   "",   "",   "",   "",   "",   "",   "",   "",   "",   "",   "",   "",   "",   "",   "",   "",   "",   "",   "",   "",   "",   "",   "",   "",   "",   "",   "",   "",   "",   ""))
			, ID2 = as.character(c(  "",   "",   "",   "",   "",   "",   "",   "",   "",   "",   "",   "",   "",   "",   "",   "",   "",   "",   "",   "",   "",   "",   "",   "",   "",   "",   "",   "",   "",   "",   "",   "",   "",   "",   "",   "",   "",   "",   "",   "",   "",   "",   "",   "",   "",   "",   "",   "",   "",   "",   "",   "",   "",   "",   "",   "",   "",   "",   "",   "",   "",   "",   "",   "",   "",   "",   "",   "",   "",   "",   "",   "",   "",   "",   "",   "",   "",   "",   "",   "",   "",   "",   "",   "",   "",   "",   "",   "",   "",   "",   "",   "",   "",   "",   "",   "",   "",   "",   "",   "",   "",   "",   "",   "",   "",   "",   "",   "",   "",   "",   "",   "",   "",   "",   "",   "",   "",   "",   "",   "",   "",   "",   "",   "",   "",   "",   "",   "",   "",   "",   "",   "",   "",   "",   "",   "",   "",   "",   "",   "",   "",   "",   "",   "",   "",   "",   "",   "",   "",   "",   "",   "",   "",   "",   "",   "",   "",   "",   "",   "",   "",   "",   "",   "",   "",   "",   "",   "",   "",   "",   "",   "",   "",   "",   "",   "",   "",   "",   "",   "",   "",   "",   "",   "",   "",   "",   "",   "",   "",   "",   "",   "",   "",   "",   "",   "",   "",   "",   "",   "",   "",   "",   "",   "",   "",   "",   "",   "",   "",   "",   "",   "",   "",   "",   "",   "",   "",   "",   "",   "",   "",   "",   "",   "",   "",   "",   "",   "",   "",   "",   "",   "",   "",   "",   "",   "",   "",   "",   "",   "",   "",   "",   "",   "",   "",   "",   "",   "",   "",   "",   "",   "",   "",   "",   "",   "",   "",   "",   "",   "",   "",   "",   "",   "",   "",   "",   "",   "",   "",   "",   "",   "",   "",   "",   "",   "",   "",   "",   "",   "",   "",   "",   "",   "",   "",   "",   "",   "",   "",   "",   "",   "",   "",   "",   "",   "",   "",   "",   "",   "",   "",   "",   "",   "",   "",   "",   "",   "",   "",   "",   "",   "",   "",   "",   "",   "",   "",   "",   "",   "",   "",   "",   "",   "",   "",   "",   "",   "",   "",   "",   "",   "",   "",   "",   "",   "",   "",   "",   "",   "",   "",   "",   "",   "",   "",   "",   "",   "",   "",   "",   "",   "",   "",   "",   "",   "",   "",   "",   "",   "",   "",   "",   "",   "",   "",   "",   "",   "",   "",   "",   "",   "",   "",   "",   "",   "",   "",   "",   "",   "",   "",   "",   "",   "",   "",   "",   "",   "",   "",   "",   "",   "",   "",   "",   "",   "",   "",   "",   "",   "",   "",   "",   "",   "",   "",   "",   "",   "",   "",   "",   "",   "",   "",   "",   "",   "",   "",   "",   "",   ""))
			, ID3 = as.character(c(  "",   "",   "",   "",   "",   "",   "",   "",   "",   "",   "",   "",   "",   "",   "",   "",   "",   "",   "",   "",   "",   "",   "",   "",   "",   "",   "",   "",   "",   "",   "",   "",   "",   "",   "",   "",   "",   "",   "",   "",   "",   "",   "",   "",   "",   "",   "",   "",   "",   "",   "",   "",   "",   "",   "",   "",   "",   "",   "",   "",   "",   "",   "",   "",   "",   "",   "",   "",   "",   "",   "",   "",   "",   "",   "",   "",   "",   "",   "",   "",   "",   "",   "",   "",   "",   "",   "",   "",   "",   "",   "",   "",   "",   "",   "",   "",   "",   "",   "",   "",   "",   "",   "",   "",   "",   "",   "",   "",   "",   "",   "",   "",   "",   "",   "",   "",   "",   "",   "",   "",   "",   "",   "",   "",   "",   "",   "",   "",   "",   "",   "",   "",   "",   "",   "",   "",   "",   "",   "",   "",   "",   "",   "",   "",   "",   "",   "",   "",   "",   "",   "",   "",   "",   "",   "",   "",   "",   "",   "",   "",   "",   "",   "",   "",   "",   "",   "",   "",   "",   "",   "",   "",   "",   "",   "",   "",   "",   "",   "",   "",   "",   "",   "",   "",   "",   "",   "",   "",   "",   "",   "",   "",   "",   "",   "",   "",   "",   "",   "",   "",   "",   "",   "",   "",   "",   "",   "",   "",   "",   "",   "",   "",   "",   "",   "",   "",   "",   "",   "",   "",   "",   "",   "",   "",   "",   "",   "",   "",   "",   "",   "",   "",   "",   "",   "",   "",   "",   "",   "",   "",   "",   "",   "",   "",   "",   "",   "",   "",   "",   "",   "",   "",   "",   "",   "",   "",   "",   "",   "",   "",   "",   "",   "",   "",   "",   "",   "",   "",   "",   "",   "",   "",   "",   "",   "",   "",   "",   "",   "",   "",   "",   "",   "",   "",   "",   "",   "",   "",   "",   "",   "",   "",   "",   "",   "",   "",   "",   "",   "",   "",   "",   "",   "",   "",   "",   "",   "",   "",   "",   "",   "",   "",   "",   "",   "",   "",   "",   "",   "",   "",   "",   "",   "",   "",   "",   "",   "",   "",   "",   "",   "",   "",   "",   "",   "",   "",   "",   "",   "",   "",   "",   "",   "",   "",   "",   "",   "",   "",   "",   "",   "",   "",   "",   "",   "",   "",   "",   "",   "",   "",   "",   "",   "",   "",   "",   "",   "",   "",   "",   "",   "",   "",   "",   "",   "",   "",   "",   "",   "",   "",   "",   "",   "",   "",   "",   "",   "",   "",   "",   "",   "",   "",   "",   "",   "",   "",   "",   "",   "",   "",   "",   "",   "",   "",   "",   "",   "",   "",   "",   "",   "",   "",   "",   "",   "",   "",   "",   "",   "",   ""))
			, ID4 = as.character(c(  "",   "",   "",   "",   "",   "",   "",   "",   "",   "",   "",   "",   "",   "",   "",   "",   "",   "",   "",   "",   "",   "",   "",   "",   "",   "",   "",   "",   "",   "",   "",   "",   "",   "",   "",   "",   "",   "",   "",   "",   "",   "",   "",   "",   "",   "",   "",   "",   "",   "",   "",   "",   "",   "",   "",   "",   "",   "",   "",   "",   "",   "",   "",   "",   "",   "",   "",   "",   "",   "",   "",   "",   "",   "",   "",   "",   "",   "",   "",   "",   "",   "",   "",   "",   "",   "",   "",   "",   "",   "",   "",   "",   "",   "",   "",   "",   "",   "",   "",   "",   "",   "",   "",   "",   "",   "",   "",   "",   "",   "",   "",   "",   "",   "",   "",   "",   "",   "",   "",   "",   "",   "",   "",   "",   "",   "",   "",   "",   "",   "",   "",   "",   "",   "",   "",   "",   "",   "",   "",   "",   "",   "",   "",   "",   "",   "",   "",   "",   "",   "",   "",   "",   "",   "",   "",   "",   "",   "",   "",   "",   "",   "",   "",   "",   "",   "",   "",   "",   "",   "",   "",   "",   "",   "",   "",   "",   "",   "",   "",   "",   "",   "",   "",   "",   "",   "",   "",   "",   "",   "",   "",   "",   "",   "",   "",   "",   "",   "",   "",   "",   "",   "",   "",   "",   "",   "",   "",   "",   "",   "",   "",   "",   "",   "",   "",   "",   "",   "",   "",   "",   "",   "",   "",   "",   "",   "",   "",   "",   "",   "",   "",   "",   "",   "",   "",   "",   "",   "",   "",   "",   "",   "",   "",   "",   "",   "",   "",   "",   "",   "",   "",   "",   "",   "",   "",   "",   "",   "",   "",   "",   "",   "",   "",   "",   "",   "",   "",   "",   "",   "",   "",   "",   "",   "",   "",   "",   "",   "",   "",   "",   "",   "",   "",   "",   "",   "",   "",   "",   "",   "",   "",   "",   "",   "",   "",   "",   "",   "",   "",   "",   "",   "",   "",   "",   "",   "",   "",   "",   "",   "",   "",   "",   "",   "",   "",   "",   "",   "",   "",   "",   "",   "",   "",   "",   "",   "",   "",   "",   "",   "",   "",   "",   "",   "",   "",   "",   "",   "",   "",   "",   "",   "",   "",   "",   "",   "",   "",   "",   "",   "",   "",   "",   "",   "",   "",   "",   "",   "",   "",   "",   "",   "",   "",   "",   "",   "",   "",   "",   "",   "",   "",   "",   "",   "",   "",   "",   "",   "",   "",   "",   "",   "",   "",   "",   "",   "",   "",   "",   "",   "",   "",   "",   "",   "",   "",   "",   "",   "",   "",   "",   "",   "",   "",   "",   "",   "",   "",   "",   "",   "",   "",   "",   "",   "",   "",   "",   "",   "",   "",   ""))
			, ID5 = as.character(c( "1",  "1",  "1",  "1",  "1",  "1",  "1",  "2",  "2",  "2",  "2",  "2",  "2",  "2",  "3",  "3",  "3",  "3",  "3",  "3",  "3",  "4",  "4",  "4",  "4",  "4",  "4",  "4",  "5",  "5",  "5",  "5",  "5",  "5",  "5",  "6",  "6",  "6",  "6",  "6",  "6",  "6",  "7",  "7",  "7",  "7",  "7",  "7",  "7",  "8",  "8",  "8",  "8",  "8",  "8",  "8",  "9",  "9",  "9",  "9",  "9",  "9",  "9", "10", "10", "10", "10", "10", "10", "10", "11", "11", "11", "11", "11", "11", "11", "12", "12", "12", "12", "12", "12", "12", "13", "13", "13", "13", "13", "13", "13", "14", "14", "14", "14", "14", "14", "14", "15", "15", "15", "15", "15", "15", "15", "16", "16", "16", "16", "16", "16", "16", "17", "17", "17", "17", "17", "17", "17", "18", "18", "18", "18", "18", "18", "18", "19", "19", "19", "19", "19", "19", "19", "20", "20", "20", "20", "20", "20", "20", "21", "21", "21", "21", "21", "21", "21", "22", "22", "22", "22", "22", "22", "22", "23", "23", "23", "23", "23", "23", "23", "24", "24", "24", "24", "24", "24", "24", "25", "25", "25", "25", "25", "25", "25", "26", "26", "26", "26", "26", "26", "26", "27", "27", "27", "27", "27", "27", "27", "28", "28", "28", "28", "28", "28", "28", "29", "29", "29", "29", "29", "29", "29", "30", "30", "30", "30", "30", "30", "30", "31", "31", "31", "31", "31", "31", "31", "32", "32", "32", "32", "32", "32", "32", "33", "33", "33", "33", "33", "33", "33", "34", "34", "34", "34", "34", "34", "34", "35", "35", "35", "35", "35", "35", "35", "36", "36", "36", "36", "36", "36", "36", "37", "37", "37", "37", "37", "37", "37", "38", "38", "38", "38", "38", "38", "38", "39", "39", "39", "39", "39", "39", "39", "40", "40", "40", "40", "40", "40", "40", "41", "41", "41", "41", "41", "41", "41", "42", "42", "42", "42", "42", "42", "42", "43", "43", "43", "43", "43", "43", "43", "44", "44", "44", "44", "44", "44", "44", "45", "45", "45", "45", "45", "45", "45", "46", "46", "46", "46", "46", "46", "46", "47", "47", "47", "47", "47", "47", "47", "48", "48", "48", "48", "48", "48", "48", "49", "49", "49", "49", "49", "49", "49", "50", "50", "50", "50", "50", "50", "50", "51", "51", "51", "51", "51", "51", "51", "52", "52", "52", "52", "52", "52", "52", "53", "53", "53", "53", "53", "53", "53", "54", "54", "54", "54", "54", "54", "54", "55", "55", "55", "55", "55", "55", "55", "56", "56", "56", "56", "56", "56", "56", "57", "57", "57", "57", "57", "57", "57", "58", "58", "58", "58", "58", "58", "58", "59", "59", "59", "59", "59", "59", "59", "60", "60", "60", "60", "60", "60", "60"))
			, IVAR = c(0.64, 1.99, 6.43, 12.03, 22.28, 48.91, 80.15, 0.58, 2.03, 7.46, 12.58, 22.36, 51.02, 87.44, 0.44, 2.06, 5.74, 12, 24.18, 45.25, 90.69, 0.49, 2.25, 5.15, 12.73, 24.81, 53.38, 93.12, 0.52, 2.05, 5.68, 13.54, 26.95, 51.48, 112.51, 0.53, 1.76, 5.67, 10.62, 22.89, 45.11, 96.41, 0.46, 2.03, 5.62, 14.32, 25.78, 52.57, 99.76, 0.59, 1.88, 5.73, 13.85, 22.49, 47.01, 92.3, 0.48, 1.94, 6.3, 11.79, 22.82, 54.9, 93.96, 0.49, 1.98, 6.44, 11.91, 23.91, 44.84, 92.94, 0.5, 1.89, 6.33, 10.31, 24.75, 41.16, 93.15, 0.47, 1.87, 5.97, 9.91, 27, 40.64, 91.65, 0.45, 1.86, 7.39, 12.02, 21.1, 40.74, 100.42, 0.5, 1.94, 5.47, 10.34, 21.55, 53.05, 90.22, 0.44, 2.41, 6.26, 11.72, 26.68, 52.45, 90.24, 0.62, 1.95, 5.2, 11.83, 24.5, 60.46, 97.02, 0.52, 1.98, 5.8, 11.96, 25.97, 59.07, 106.39, 0.56, 1.77, 6.62, 12.27, 20.72, 50.57, 94.49, 0.58, 1.85, 5.75, 10.94, 23.58, 49.97, 89.23, 0.54, 1.77, 5.4, 13.86, 21.68, 50.02, 92.41, 0.52, 2.37, 7.03, 11.61, 19.1, 61.62, 102.62, 0.53, 2, 6.31, 11.8, 25.03, 46.12, 83.71, 0.55, 2.33, 5.82, 10.59, 25.59, 47.79, 80.72, 0.5, 1.88, 5.8, 10.69, 28.74, 46.44, 81.76, 0.51, 2.05, 5.44, 8.99, 22.51, 50.82, 95.43, 0.5, 2.12, 5.33, 13.39, 23.99, 51.52, 106.46, 0.51, 1.83, 6.74, 9.82, 22.73, 46.79, 94.42, 0.55, 2.03, 6.25, 11.92, 23.41, 51.46, 107.66, 0.39, 2.12, 6.23, 11.5, 26.39, 46.17, 93.31, 0.54, 2.38, 6.16, 11.5, 21.31, 46.44, 87.39, 0.49, 2.08, 5.51, 15.64, 24.38, 53.74, 76.36, 0.54, 1.75, 6.58, 12.49, 23.04, 54.8, 89.5, 0.47, 1.81, 5.61, 13.19, 25.06, 53.08, 92.33, 0.52, 2.05, 5.2, 14.34, 24.32, 51.82, 105.62, 0.5, 1.94, 6.56, 10.81, 29.23, 46.19, 113.27, 0.58, 2.02, 6.35, 10.83, 24.79, 53.28, 96.96, 0.48, 1.87, 5.98, 13.35, 22.87, 47.42, 84.35, 0.53, 2.28, 6.97, 13.02, 19.91, 50.37, 100.48, 0.48, 2.03, 5.5, 12.84, 23.23, 41.03, 92.54, 0.57, 1.93, 6.46, 13.19, 24.01, 46.34, 91.05, 0.54, 1.8, 6.15, 11.66, 19.14, 41.69, 105.21, 0.49, 2.17, 7.25, 13.91, 25.68, 49.86, 94.17, 0.59, 2.12, 5.34, 11.81, 19.81, 47.07, 74.08, 0.57, 1.88, 5.75, 11.8, 25.52, 51.37, 101.61, 0.47, 1.75, 5.77, 12.34, 22.1, 47.67, 85.42, 0.5, 2.03, 5.91, 11.8, 28.63, 51.8, 107.29, 0.46, 2.03, 6.73, 11.93, 19.4, 49.68, 79.35, 0.46, 2.28, 6.38, 13.38, 24.75, 47.47, 87.52, 0.59, 2.01, 5.59, 13.08, 26.72, 58.02, 90.38, 0.48, 1.92, 5.78, 11.57, 23.3, 55.44, 89.53, 0.48, 2.13, 6.71, 11.11, 22.81, 50.58, 106.28, 0.49, 1.73, 7.12, 13.85, 22.35, 47.69, 80.51, 0.53, 2.35, 5.09, 11.1, 22.51, 44.84, 78.34, 0.53, 1.72, 5.99, 12.73, 23.53, 52.48, 95.75, 0.47, 2.13, 5.75, 14.33, 23.96, 52.27, 97.99, 0.37, 1.74, 5.75, 12.29, 18.99, 52.85, 90.37, 0.46, 1.71, 5.19, 12.07, 25.25, 38.92, 86.83, 0.53, 1.91, 7.45, 13.59, 25.47, 48.02, 98.72, 0.47, 2.13, 6.96, 13.37, 22.13, 40.83, 94.95, 0.52, 2.29, 5.26, 12.45, 24.57, 54.09, 95.73)
			, TAD = c(0.64, 1.99, 6.43, 12.03, 22.28, 48.91, 80.15, 0.58, 2.03, 7.46, 12.58, 22.36, 51.02, 87.44, 0.44, 2.06, 5.74, 12, 24.18, 45.25, 90.69, 0.49, 2.25, 5.15, 12.73, 24.81, 53.38, 93.12, 0.52, 2.05, 5.68, 13.54, 26.95, 51.48, 112.51, 0.53, 1.76, 5.67, 10.62, 22.89, 45.11, 96.41, 0.46, 2.03, 5.62, 14.32, 25.78, 52.57, 99.76, 0.59, 1.88, 5.73, 13.85, 22.49, 47.01, 92.3, 0.48, 1.94, 6.3, 11.79, 22.82, 54.9, 93.96, 0.49, 1.98, 6.44, 11.91, 23.91, 44.84, 92.94, 0.5, 1.89, 6.33, 10.31, 24.75, 41.16, 93.15, 0.47, 1.87, 5.97, 9.91, 27, 40.64, 91.65, 0.45, 1.86, 7.39, 12.02, 21.1, 40.74, 100.42, 0.5, 1.94, 5.47, 10.34, 21.55, 53.05, 90.22, 0.44, 2.41, 6.26, 11.72, 26.68, 52.45, 90.24, 0.62, 1.95, 5.2, 11.83, 24.5, 60.46, 97.02, 0.52, 1.98, 5.8, 11.96, 25.97, 59.07, 106.39, 0.56, 1.77, 6.62, 12.27, 20.72, 50.57, 94.49, 0.58, 1.85, 5.75, 10.94, 23.58, 49.97, 89.23, 0.54, 1.77, 5.4, 13.86, 21.68, 50.02, 92.41, 0.52, 2.37, 7.03, 11.61, 19.1, 61.62, 102.62, 0.53, 2, 6.31, 11.8, 25.03, 46.12, 83.71, 0.55, 2.33, 5.82, 10.59, 25.59, 47.79, 80.72, 0.5, 1.88, 5.8, 10.69, 28.74, 46.44, 81.76, 0.51, 2.05, 5.44, 8.99, 22.51, 50.82, 95.43, 0.5, 2.12, 5.33, 13.39, 23.99, 51.52, 106.46, 0.51, 1.83, 6.74, 9.82, 22.73, 46.79, 94.42, 0.55, 2.03, 6.25, 11.92, 23.41, 51.46, 107.66, 0.39, 2.12, 6.23, 11.5, 26.39, 46.17, 93.31, 0.54, 2.38, 6.16, 11.5, 21.31, 46.44, 87.39, 0.49, 2.08, 5.51, 15.64, 24.38, 53.74, 76.36, 0.54, 1.75, 6.58, 12.49, 23.04, 54.8, 89.5, 0.47, 1.81, 5.61, 13.19, 25.06, 53.08, 92.33, 0.52, 2.05, 5.2, 14.34, 24.32, 51.82, 105.62, 0.5, 1.94, 6.56, 10.81, 29.23, 46.19, 113.27, 0.58, 2.02, 6.35, 10.83, 24.79, 53.28, 96.96, 0.48, 1.87, 5.98, 13.35, 22.87, 47.42, 84.35, 0.53, 2.28, 6.97, 13.02, 19.91, 50.37, 100.48, 0.48, 2.03, 5.5, 12.84, 23.23, 41.03, 92.54, 0.57, 1.93, 6.46, 13.19, 24.01, 46.34, 91.05, 0.54, 1.8, 6.15, 11.66, 19.14, 41.69, 105.21, 0.49, 2.17, 7.25, 13.91, 25.68, 49.86, 94.17, 0.59, 2.12, 5.34, 11.81, 19.81, 47.07, 74.08, 0.57, 1.88, 5.75, 11.8, 25.52, 51.37, 101.61, 0.47, 1.75, 5.77, 12.34, 22.1, 47.67, 85.42, 0.5, 2.03, 5.91, 11.8, 28.63, 51.8, 107.29, 0.46, 2.03, 6.73, 11.93, 19.4, 49.68, 79.35, 0.46, 2.28, 6.38, 13.38, 24.75, 47.47, 87.52, 0.59, 2.01, 5.59, 13.08, 26.72, 58.02, 90.38, 0.48, 1.92, 5.78, 11.57, 23.3, 55.44, 89.53, 0.48, 2.13, 6.71, 11.11, 22.81, 50.58, 106.28, 0.49, 1.73, 7.12, 13.85, 22.35, 47.69, 80.51, 0.53, 2.35, 5.09, 11.1, 22.51, 44.84, 78.34, 0.53, 1.72, 5.99, 12.73, 23.53, 52.48, 95.75, 0.47, 2.13, 5.75, 14.33, 23.96, 52.27, 97.99, 0.37, 1.74, 5.75, 12.29, 18.99, 52.85, 90.37, 0.46, 1.71, 5.19, 12.07, 25.25, 38.92, 86.83, 0.53, 1.91, 7.45, 13.59, 25.47, 48.02, 98.72, 0.47, 2.13, 6.96, 13.37, 22.13, 40.83, 94.95, 0.52, 2.29, 5.26, 12.45, 24.57, 54.09, 95.73)
