TABLE NO.     1: First Order Conditional Estimation with Interaction: Problem=1 Subproblem=0 Superproblem1=0 Iteration1=0 Superproblem2=0 Iteration2=0
 NAME         THETA1       THETA2       THETA3       THETA4       SIGMA(1,1)   SIGMA(2,1)   SIGMA(2,2)   OMEGA(1,1)   OMEGA(2,1)   OMEGA(2,2)   OMEGA(3,1)   OMEGA(3,2)   OMEGA(3,3)
 THETA1        1.11589E+00 -1.20451E+00  2.12680E+02 -4.66146E+03 -3.66586E+07  0.00000E+00 -1.78817E+10  1.11588E+18  7.54222E+17  1.27440E+17 -3.98848E+18 -1.34787E+18  3.56393E+18
 THETA2       -1.20451E+00  1.91042E+00  4.25683E+02  4.14899E+03  3.52053E+07  0.00000E+00  1.71728E+10 -1.07099E+18 -7.23883E+17 -1.22314E+17  3.82804E+18  1.29365E+18 -3.42056E+18
 THETA3        2.12680E+02  4.25683E+02  8.68765E+05 -2.00091E+06 -1.18729E+10  0.00000E+00 -5.79150E+12  3.62222E+20  2.44825E+20  4.13678E+19 -1.29468E+21 -4.37525E+20  1.15687E+21
 THETA4       -4.66146E+03  4.14899E+03 -2.00091E+06  2.12595E+07  1.58685E+11  0.00000E+00  7.74050E+13 -4.83141E+21 -3.26554E+21 -5.51775E+20  1.72688E+22  5.83583E+21 -1.54307E+22
 SIGMA(1,1)   -3.66586E+07  3.52053E+07 -1.18729E+10  1.58685E+11  1.34116E+15  0.00000E+00  6.54210E+17 -4.08298E+25 -2.75968E+25 -4.66300E+24  1.45937E+26  4.93181E+25 -1.30403E+26
 SIGMA(2,1)    0.00000E+00  0.00000E+00  0.00000E+00  0.00000E+00  0.00000E+00  0.00000E+00  0.00000E+00  0.00000E+00  0.00000E+00  0.00000E+00  0.00000E+00  0.00000E+00  0.00000E+00
 SIGMA(2,2)   -1.78817E+10  1.71728E+10 -5.79150E+12  7.74050E+13  6.54210E+17  0.00000E+00  3.19119E+20 -1.99165E+28 -1.34615E+28 -2.27458E+27  7.11872E+28  2.40570E+28 -6.36098E+28
 OMEGA(1,1)    1.11588E+18 -1.07099E+18  3.62222E+20 -4.83141E+21 -4.08298E+25  0.00000E+00 -1.99165E+28  1.24301E+36  8.40147E+35  1.41959E+35 -4.44286E+36 -1.50142E+36  3.96995E+36
 OMEGA(2,1)    7.54222E+17 -7.23883E+17  2.44825E+20 -3.26554E+21 -2.75968E+25  0.00000E+00 -1.34615E+28  8.40147E+35  5.67854E+35  9.59496E+34 -3.00292E+36 -1.01481E+36  2.68328E+36
 OMEGA(2,2)    1.27440E+17 -1.22314E+17  4.13678E+19 -5.51775E+20 -4.66300E+24  0.00000E+00 -2.27458E+27  1.41959E+35  9.59496E+34  1.62125E+34 -5.07401E+35 -1.71471E+35  4.53391E+35
 OMEGA(3,1)   -3.98848E+18  3.82804E+18 -1.29468E+21  1.72688E+22  1.45937E+26  0.00000E+00  7.11872E+28 -4.44286E+36 -3.00292E+36 -5.07401E+35  1.58801E+37  5.36650E+36 -1.41897E+37
 OMEGA(3,2)   -1.34787E+18  1.29365E+18 -4.37525E+20  5.83583E+21  4.93181E+25  0.00000E+00  2.40570E+28 -1.50142E+36 -1.01481E+36 -1.71471E+35  5.36650E+36  1.81356E+36 -4.79527E+36
 OMEGA(3,3)    3.56393E+18 -3.42056E+18  1.15687E+21 -1.54307E+22 -1.30403E+26  0.00000E+00 -6.36098E+28  3.96995E+36  2.68328E+36  4.53391E+35 -1.41897E+37 -4.79527E+36  1.26793E+37
