TABLE NO.     1: First Order Conditional Estimation with Interaction: Problem=1 Subproblem=0 Superproblem1=0 Iteration1=0 Superproblem2=0 Iteration2=0
 NAME         THETA1       THETA2       THETA3       THETA4       SIGMA(1,1)   SIGMA(2,1)   SIGMA(2,2)   OMEGA(1,1)   OMEGA(2,1)   OMEGA(2,2)   OMEGA(3,1)   OMEGA(3,2)   OMEGA(3,3)
 THETA1        1.95269E+03 -9.99688E-01  9.99661E-01  9.99704E-01 -9.99696E-01  0.00000E+00  9.99718E-01 -9.99664E-01 -9.99667E-01  9.99469E-01 -9.99649E-01 -9.99687E-01  9.99673E-01
 THETA2       -9.99688E-01  5.40078E+04 -9.99997E-01 -9.99999E-01  9.99961E-01  0.00000E+00 -9.99995E-01  9.99997E-01  9.99999E-01 -9.99870E-01  9.99992E-01  9.99997E-01 -1.00000E+00
 THETA3        9.99661E-01 -9.99997E-01  3.75948E+01  9.99998E-01 -9.99975E-01  0.00000E+00  9.99997E-01 -9.99994E-01 -9.99996E-01  9.99862E-01 -9.99989E-01 -9.99996E-01  9.99997E-01
 THETA4        9.99704E-01 -9.99999E-01  9.99998E-01  7.15329E+00 -9.99971E-01  0.00000E+00  9.99998E-01 -9.99995E-01 -9.99997E-01  9.99863E-01 -9.99990E-01 -9.99997E-01  9.99998E-01
 SIGMA(1,1)   -9.99696E-01  9.99961E-01 -9.99975E-01 -9.99971E-01  8.96551E-01  0.00000E+00 -9.99982E-01  9.99951E-01  9.99955E-01 -9.99770E-01  9.99940E-01  9.99970E-01 -9.99959E-01
 SIGMA(2,1)    0.00000E+00  0.00000E+00  0.00000E+00  0.00000E+00  0.00000E+00  0.00000E+00  0.00000E+00  0.00000E+00  0.00000E+00  0.00000E+00  0.00000E+00  0.00000E+00  0.00000E+00
 SIGMA(2,2)    9.99718E-01 -9.99995E-01  9.99997E-01  9.99998E-01 -9.99982E-01  0.00000E+00  4.05977E-03 -9.99990E-01 -9.99992E-01  9.99846E-01 -9.99983E-01 -9.99996E-01  9.99994E-01
 OMEGA(1,1)   -9.99664E-01  9.99997E-01 -9.99994E-01 -9.99995E-01  9.99951E-01  0.00000E+00 -9.99990E-01  1.85907E-01  1.00000E+00 -9.99907E-01  9.99999E-01  9.99988E-01 -9.99999E-01
 OMEGA(2,1)   -9.99667E-01  9.99999E-01 -9.99996E-01 -9.99997E-01  9.99955E-01  0.00000E+00 -9.99992E-01  1.00000E+00  1.08550E+00 -9.99895E-01  9.99997E-01  9.99991E-01 -1.00000E+00
 OMEGA(2,2)    9.99469E-01 -9.99870E-01  9.99862E-01  9.99863E-01 -9.99770E-01  0.00000E+00  9.99846E-01 -9.99907E-01 -9.99895E-01  2.28139E-01 -9.99925E-01 -9.99827E-01  9.99884E-01
 OMEGA(3,1)   -9.99649E-01  9.99992E-01 -9.99989E-01 -9.99990E-01  9.99940E-01  0.00000E+00 -9.99983E-01  9.99999E-01  9.99997E-01 -9.99925E-01  9.26008E-02  9.99980E-01 -9.99995E-01
 OMEGA(3,2)   -9.99687E-01  9.99997E-01 -9.99996E-01 -9.99997E-01  9.99970E-01  0.00000E+00 -9.99996E-01  9.99988E-01  9.99991E-01 -9.99827E-01  9.99980E-01  1.29787E-01 -9.99994E-01
 OMEGA(3,3)    9.99673E-01 -1.00000E+00  9.99997E-01  9.99998E-01 -9.99959E-01  0.00000E+00  9.99994E-01 -9.99999E-01 -1.00000E+00  9.99884E-01 -9.99995E-01 -9.99994E-01  1.27056E-01
