dmp.txt <- structure(
	.Data = list(
		"coefficients" = list(
			"fixed" = c("CMultStdev" = 0.526213743136323, "tvVmax" = 1257.6713816301, "tvKm" = 1409.50440722473, "tvV" = 13.5911464326991, "tvKa" = 1.22816974682233, "CEps" = 0.50003358866794)
			, "random" = list("Subject" = matrix(
				as.numeric(c(
					 0.192241005799742,  -0.124521550506869,  -0.0124409957102327
					,  0.0273200164835588,  -0.0566669581706949,  0.274936137112852
					,  0.314724713129451,  0.0792820577401264,  -0.0628818579096406
					,  0.0460128388018787,  -0.218673571505578,  -0.170842030352034
					,  0.00823319615006942,  0.101054915823938,  -0.220655228067578
					,  0.0846637040713001,  -0.358230378091843,  -0.112932258480432
					,  0.190141523049376,  -0.543805380768934,  0.111572398102936
					,  -0.184956720475483,  0.113935625191158,  -0.188571092139941
					,  0.224418370316483,  0.386087431119859,  0.256942552626965
					,  -0.565373231214004,  0.356390448631947,  0.619714979482081
					,  -0.598467948608561,  -0.0235183419088776,  0.346258485688041
					,  0.0331479783325866,  -0.104781927189912,  0.499181499875505
					,  -0.306340197211408,  0.406578773420257,  0.460832098288466
					,  0.415377372150581,  0.175993641990579,  0.390579192854097
					,  0.274939528037152,  -0.702817944417231,  -0.107089373673944
					,  -0.132365006692487,  -0.474268906774163,  0.0865888363918451
					,  0.146878344544795,  -0.0445381290813024,  -0.216755978322608
					,  0.219830093405301,  -0.087519277412152,  0.426434930502101
					,  -0.121281734826379,  0.112992573354037,  -0.126274532884789
					,  -0.0287841781106613,  0.10155759119791,  -0.078729021380582
					,  -0.965282788024444,  0.0466753902268575,  0.156897206936553
					,  -0.641359162169819,  -0.00877842621388289,  -0.0350657148682129
					,  0.285770450601656,  -0.171224349560709,  0.0968787969421972
					,  -0.269512213220768,  -0.0440427890561601,  0.524834611347327
					,  0.0885263248369032,  0.408212226010368,  -0.0924689529171486
					,  0.0416300383707982,  0.311796561636449,  -0.253747152630698
					,  -0.143973642252626,  -0.242556420496278,  0.276745154695832
					,  -0.303657943411592,  0.00830753158573797,  -0.197050074534761
					,  0.0608290129032717,  0.2423570255147,  -0.535475790146869
					,  -0.318322533226298,  0.231081777047239,  -0.0623511000609784
					,  -0.680395444992624,  0.36617913131923,  0.236504959550962
					,  -0.186861365405695,  0.239043653358372,  0.395194946274763
					,  -0.0781975359761366,  0.439315350372304,  -0.0415940068206291
					,  -0.678882628667448,  -0.741025212079734,  0.236499405270341
					,  0.00374729824534604,  -7.91574533935163e-005,  0.262465562905249
					,  0.20582494797011,  -0.55258738032631,  0.243287309970248
					,  -0.0543875854616526,  0.424370907190878,  0.440195590447535
					,  -0.359231734372723,  -0.230492765414811,  0.144762709874691
					,  0.507312813520149,  0.113502913151758,  -0.355674943612077
					,  -0.350955386741841,  0.160061325413775,  -0.136902663056113
					))
				, nrow = 60, ncol = 2
				, dimnames = list(
					as.character(c( "1", "2", "3", "4", "5", "6", "7", "8", "9", "10"
					  , "11", "12", "13", "14", "15", "16", "17", "18", "19", "20"
					  , "21", "22", "23", "24", "25", "26", "27", "28", "29", "30"
					  , "31", "32", "33", "34", "35", "36", "37", "38", "39", "40"
					  , "41", "42", "43", "44", "45", "46", "47", "48", "49", "50"
					  , "51", "52", "53", "54", "55", "56", "57", "58", "59", "60"))
					, as.character(c("nVmax", "nV"))
					)
				))
			)
		, "logLik" = c(-3911.76)
		, "nObs" = c(420)
		, "nSubj" = c(60)
		, "nParm" = c(8)
		, "returnCode" = c(3)
		, "omega" = matrix(
			as.numeric(c(0.10968054907844, 0, 0, 0.148643832866509))
			, nrow = 2, ncol = 2
			, dimnames = list(
				as.character(c("nVmax", "nV"))
				, as.character(c("nVmax", "nV"))
				)
			)
		, "eta" = matrix(
			as.numeric(c(0.0251793183629775, -0.0255554321613472, 0.0796756197448863, 0.112197469777237, 0.282268701320012, 0.334958907595002, 0.147689346113254, 0.131203457616194))
			, nrow = 2, ncol = 4
			, dimnames = list(
				as.character(c("nVmax", "nV"))
				, as.character(c("mean", "var", "sd", "shrinkage"))
				)
			)
		, "eta_shrinkage" = list("Subject" = matrix(
			as.numeric(c(
				 0.021104128967356,  0.38265112010113,  0.27445337310283
				,  0.0469114686498603,  0.104118037987054,  0.0580628716238656
				,  0.0808200607291589,  0.0994246164904021,  0.260736523880144
				,  0.0943878535283161,  0.398347743278802,  0.56317626913059
				,  0.156260852962063,  0.260208369768693,  0.409712476126308
				,  0.111099913726436,  0.513133363148724,  0.200244797409739
				,  0.0722176834607605,  0.68154678091195,  0.127023457297787
				,  0.398557053558926,  0.20923732983996,  0.456602897016771
				,  0.0760935106645421,  0.0692579197623886,  0.0340515842226726
				,  0.546086078191719,  0.07872935662796,  0.055875713698994
				,  0.784499905374813,  0.36327193645894,  0.0800598035847549
				,  0.064708766579836,  0.195967741713565,  0.0767512928968077
				,  0.581183400882139,  0.088197399817194,  0.0558368867436259
				,  0.0385119979908554,  0.0341858499966795,  0.0725875056918515
				,  0.147138230597345,  0.766741801649264,  0.4657044859066
				,  0.247628169650824,  0.695644268568793,  0.243765986891029
				,  0.0945749061864418,  0.404513590774784,  0.429460434014901
				,  0.0646064383227078,  0.380435668488879,  0.0620927376128999
				,  0.436592561469232,  0.155522104121551,  0.277929800626466
				,  0.0867651629825761,  0.151818080606678,  0.188052531776591
				,  0.234784400706559,  0.264498329653169,  0.261889277453747
				,  0.24431751540049,  0.247432213080395,  0.23021517803692
				,  0.239240825036544,  0.250377451289473,  0.264688062715011
				,  0.248893303241047,  0.255714937426251,  0.257613491599688
				,  0.25082311114845,  0.267344835681889,  0.262539476216083
				,  0.258010458177217,  0.259155579117424,  0.257843307655024
				,  0.246511044987936,  0.243624340737012,  0.257131103159523
				,  0.259969692570726,  0.266618176338327,  0.261146448468971
				,  0.242414389650475,  0.219753104808559,  0.215581309242572
				,  0.247341673999022,  0.238065949354676,  0.194086997828462
				,  0.238077225857811,  0.269845478703153,  0.244285327348656
				,  0.240871420149185,  0.254196294114208,  0.22933402130939
				,  0.253933042464678,  0.235491742258225,  0.212031249500928
				,  0.185661866982241,  0.211140808406468,  0.234786313684587
				,  0.264874787598261,  0.238422529437889,  0.262832079296068
				,  0.260076081940594,  0.24285090811562,  0.266073025189251
				,  0.25817350085142,  0.269366339720708,  0.2595881898011
				,  0.249060112352936,  0.261679524522039,  0.223575585259279
				,  0.265357070853246,  0.259978986066914,  0.256312786859212
				,  0.248339149173908,  0.252481317820584,  0.260523940223536
				))
			, nrow = 60, ncol = 2
			, dimnames = list(
				as.character(c( "1", "2", "3", "4", "5", "6", "7", "8", "9", "10"
				  , "11", "12", "13", "14", "15", "16", "17", "18", "19", "20"
				  , "21", "22", "23", "24", "25", "26", "27", "28", "29", "30"
				  , "31", "32", "33", "34", "35", "36", "37", "38", "39", "40"
				  , "41", "42", "43", "44", "45", "46", "47", "48", "49", "50"
				  , "51", "52", "53", "54", "55", "56", "57", "58", "59", "60"))
				, as.character(c("nVmax_shrinkage", "nV_shrinkage"))
				)
			))
		, "sigma" = matrix(
			as.numeric(c(0.250033589796138))
			, nrow = 1, ncol = 1
			, dimnames = list(
				as.character(c("CEps"))
				, as.character(c("CEps"))
				)
			)
		, "method" = "FOCE-ELS"
		, "varFix" = matrix(
			as.numeric(c(0.00111929357866587, 0.295670044908358, -1.59766330722716, 0.01792210041984, 0.000575938824720695, -0.00469448775441031, 0.295670044908358, 12967.492433959, 27965.3439063769, -18.1955678513124, -0.346094742136328, -40.060692560924, -1.59766330722716, 27965.3439063769, 97063.4263078724, -81.4056505487964, -4.19163744221579, -68.4205787874404, 0.01792210041984, -18.1955678513124, -81.4056505487964, 1.12208968590312, 0.0207594467078854, -0.131468895162309, 0.000575938824720695, -0.346094742136328, -4.19163744221579, 0.0207594467078854, 0.00676593964901721, 0.00795818494299686, -0.00469448775441031, -40.060692560924, -68.4205787874404, -0.131468895162309, 0.00795818494299686, 1.4986395391018))
			, nrow = 6, ncol = 6
			, dimnames = list(
				as.character(c("CMultStdev", "tvVmax", "tvKm", "tvV", "tvKa", "CEps"))
				, as.character(c("CMultStdev", "tvVmax", "tvKm", "tvV", "tvKa", "CEps"))
				)
			)
		, "omegaSE" = matrix(
			as.numeric(c(0.0310125451622911, 0, 0, 0.0419841782428571))
			, nrow = 2, ncol = 2, byrow = TRUE
			, dimnames = list(
				as.character(c("nVmax", "nV"))
				, as.character(c("nVmax", "nV"))
				)
			)
		, "Covariance" = matrix(
			as.numeric(c(0.0011192936, 0.29567004, -1.5976633, 0.0179221, 0.00057593882, -0.0046944878, 5.9820802e-005,         0, 5.2762527e-005, 0.29567004, 12967.492, 27965.344, -18.195568, -0.34609474, -40.060693, 1.8647138,         0, 0.33550951, -1.5976633, 27965.344, 97063.426, -81.405651, -4.1916374, -68.420579, 4.0581725,         0, 1.3843891, 0.0179221, -18.195568, -81.405651, 1.1220897, 0.020759447, -0.1314689, 0.0011313499,         0, 0.01800766, 0.00057593882, -0.34609474, -4.1916374, 0.020759447, 0.0067659396, 0.0079581849, 0.00022059807,         0, 0.00032705804, -0.0046944878, -40.060693, -68.420579, -0.1314689, 0.0079581849, 1.4986395, -0.014300653,         0, -0.013968933, 5.9820802e-005, 1.8647138, 4.0581725, 0.0011313499, 0.00022059807, -0.014300653, 0.00096177796,         0, 0.00012690039,         0,         0,         0,         0,         0,         0,         0,         0,         0, 5.2762527e-005, 0.33550951, 1.3843891, 0.01800766, 0.00032705804, -0.013968933, 0.00012690039,         0, 0.0017626712))
			, nrow = 9, ncol = 9
			, dimnames = list(
				as.character(c("CMultStdev", "tvVmax", "tvKm", "tvV", "tvKa", "stdev0", "nVmax-nVmax", "nV-nVmax", "nV-nV"))
				, as.character(c("CMultStdev", "tvVmax", "tvKm", "tvV", "tvKa", "stdev0", "nVmax-nVmax", "nV-nVmax", "nV-nV"))
				)
			)
		, "Correlation" = matrix(
			as.numeric(c(0.033455845, 0.077608148, -0.15327998, 0.50571183, 0.20928605, -0.1146219, 0.057655775,         0, 0.037563662, 0.077608148,  113.8749, 0.78825068, -0.15084254, -0.036949021, -0.28737028, 0.52801562,         0, 0.070176415, -0.15327998, 0.78825068, 311.55004, -0.24666808, -0.16356555, -0.179395, 0.42001547,         0, 0.10583875, 0.50571183, -0.15084254, -0.24666808, 1.0592873, 0.23825275, -0.10138195, 0.03443862,         0, 0.40490938, 0.20928605, -0.036949021, -0.16356555, 0.23825275, 0.082255332, 0.079031709, 0.086476923,         0, 0.094705481, -0.1146219, -0.28737028, -0.179395, -0.10138195, 0.079031709, 1.2241893, -0.37667767,         0, -0.2717872, 0.057655775, 0.52801562, 0.42001547, 0.03443862, 0.086476923, -0.37667767, 0.031012545,         0, 0.097463023,         0,         0,         0,         0,         0,         0,         0,         0,         0, 0.037563662, 0.070176415, 0.10583875, 0.40490938, 0.094705481, -0.2717872, 0.097463023,         0, 0.041984178))
			, nrow = 9, ncol = 9
			, dimnames = list(
				as.character(c("CMultStdev", "tvVmax", "tvKm", "tvV", "tvKa", "stdev0", "nVmax-nVmax", "nV-nVmax", "nV-nV"))
				, as.character(c("CMultStdev", "tvVmax", "tvKm", "tvV", "tvKa", "stdev0", "nVmax-nVmax", "nV-nVmax", "nV-nV"))
				)
			)
		, "Inverse" = matrix(
			as.numeric(c(1432.4247, -0.18794806, 0.048297045, -25.161609, -43.54876, 3.0890976,  125.9602,         0, 235.51174, -0.18794806, 0.00026775621, -6.9773045e-005, 0.0028527357, -0.019524248, 0.0021293816, -0.18209003,         0, 0.013923104, 0.048297045, -6.9773045e-005, 3.2894607e-005, 0.00060311282, 0.013400107, -0.00063182999, -0.016206403,         0, -0.026488403, -25.161609, 0.0028527357, 0.00060311282, 1.6851401, -1.4228773, -0.041010432, -6.5240823,         0,  -17.0704, -43.54876, -0.019524248, 0.013400107, -1.4228773, 169.99254, -2.1619961, -80.980207,         0, -33.813309, 3.0890976, 0.0021293816, -0.00063182999, -0.041010432, -2.1619961, 0.88445966, 11.113225,         0, 7.0277245,  125.9602, -0.18209003, -0.016206403, -6.5240823, -80.980207, 11.113225, 1632.1709,         0, 95.859276,         0,         0,         0,         0,         0,         0,         0,         0,         0, 235.51174, 0.013923104, -0.026488403,  -17.0704, -33.813309, 7.0277245, 95.859276,         0, 807.88454))
			, nrow = 9, ncol = 9
			, dimnames = list(
				as.character(c("CMultStdev", "tvVmax", "tvKm", "tvV", "tvKa", "stdev0", "nVmax-nVmax", "nV-nVmax", "nV-nV"))
				, as.character(c("CMultStdev", "tvVmax", "tvKm", "tvV", "tvKa", "stdev0", "nVmax-nVmax", "nV-nVmax", "nV-nV"))
				)
			)
		, "LLTable" = data.frame(
			id = as.character(c( "1", "2", "3", "4", "5", "6", "7", "8", "9", "10", "11", "12", "13", "14", "15", "16", "17", "18", "19", "20", "21", "22", "23", "24", "25", "26", "27", "28", "29", "30", "31", "32", "33", "34", "35", "36", "37", "38", "39", "40", "41", "42", "43", "44", "45", "46", "47", "48", "49", "50", "51", "52", "53", "54", "55", "56", "57", "58", "59", "60"))
			, "LL" = c(-74.586116, -65.05922, -64.117522, -70.905336, -65.54654, -63.350564, -62.218662, -64.12603, -63.567894, -67.274441, -66.218661, -62.517051, -63.205416, -62.080222, -65.921929, -64.457772, -63.969901, -66.480287, -64.983674, -68.531628, -61.11733, -68.400702, -63.804524, -70.213384, -64.197022, -60.205813, -68.745733, -70.637042, -61.85823, -61.52877, -75.494226, -61.68631, -63.071005, -64.541771, -62.791185, -60.490194, -65.339158, -59.502271, -61.478076, -66.759144, -71.069355, -60.860688, -64.063724, -70.783825, -63.080376, -63.156651, -73.840945, -62.012991, -67.492328, -61.444867, -62.663778, -69.523475, -65.90765, -60.706498, -61.347757, -64.064988, -68.158032, -67.320836, -65.361612, -67.920364)
			) # end of LLTable
		, "residuals" = data.frame(
			  ID1 = as.character(c(  "",   "",   "",   "",   "",   "",   "",   "",   "",   "",   "",   "",   "",   "",   "",   "",   "",   "",   "",   "",   "",   "",   "",   "",   "",   "",   "",   "",   "",   "",   "",   "",   "",   "",   "",   "",   "",   "",   "",   "",   "",   "",   "",   "",   "",   "",   "",   "",   "",   "",   "",   "",   "",   "",   "",   "",   "",   "",   "",   "",   "",   "",   "",   "",   "",   "",   "",   "",   "",   "",   "",   "",   "",   "",   "",   "",   "",   "",   "",   "",   "",   "",   "",   "",   "",   "",   "",   "",   "",   "",   "",   "",   "",   "",   "",   "",   "",   "",   "",   "",   "",   "",   "",   "",   "",   "",   "",   "",   "",   "",   "",   "",   "",   "",   "",   "",   "",   "",   "",   "",   "",   "",   "",   "",   "",   "",   "",   "",   "",   "",   "",   "",   "",   "",   "",   "",   "",   "",   "",   "",   "",   "",   "",   "",   "",   "",   "",   "",   "",   "",   "",   "",   "",   "",   "",   "",   "",   "",   "",   "",   "",   "",   "",   "",   "",   "",   "",   "",   "",   "",   "",   "",   "",   "",   "",   "",   "",   "",   "",   "",   "",   "",   "",   "",   "",   "",   "",   "",   "",   "",   "",   "",   "",   "",   "",   "",   "",   "",   "",   "",   "",   "",   "",   "",   "",   "",   "",   "",   "",   "",   "",   "",   "",   "",   "",   "",   "",   "",   "",   "",   "",   "",   "",   "",   "",   "",   "",   "",   "",   "",   "",   "",   "",   "",   "",   "",   "",   "",   "",   "",   "",   "",   "",   "",   "",   "",   "",   "",   "",   "",   "",   "",   "",   "",   "",   "",   "",   "",   "",   "",   "",   "",   "",   "",   "",   "",   "",   "",   "",   "",   "",   "",   "",   "",   "",   "",   "",   "",   "",   "",   "",   "",   "",   "",   "",   "",   "",   "",   "",   "",   "",   "",   "",   "",   "",   "",   "",   "",   "",   "",   "",   "",   "",   "",   "",   "",   "",   "",   "",   "",   "",   "",   "",   "",   "",   "",   "",   "",   "",   "",   "",   "",   "",   "",   "",   "",   "",   "",   "",   "",   "",   "",   "",   "",   "",   "",   "",   "",   "",   "",   "",   "",   "",   "",   "",   "",   "",   "",   "",   "",   "",   "",   "",   "",   "",   "",   "",   "",   "",   "",   "",   "",   "",   "",   "",   "",   "",   "",   "",   "",   "",   "",   "",   "",   "",   "",   "",   "",   "",   "",   "",   "",   "",   "",   "",   "",   "",   "",   "",   "",   "",   "",   "",   "",   "",   "",   "",   "",   "",   "",   "",   "",   "",   "",   "",   "",   "",   "",   "",   "",   "",   "",   "",   "",   "",   "",   "",   "",   "",   ""))
			, ID2 = as.character(c(  "",   "",   "",   "",   "",   "",   "",   "",   "",   "",   "",   "",   "",   "",   "",   "",   "",   "",   "",   "",   "",   "",   "",   "",   "",   "",   "",   "",   "",   "",   "",   "",   "",   "",   "",   "",   "",   "",   "",   "",   "",   "",   "",   "",   "",   "",   "",   "",   "",   "",   "",   "",   "",   "",   "",   "",   "",   "",   "",   "",   "",   "",   "",   "",   "",   "",   "",   "",   "",   "",   "",   "",   "",   "",   "",   "",   "",   "",   "",   "",   "",   "",   "",   "",   "",   "",   "",   "",   "",   "",   "",   "",   "",   "",   "",   "",   "",   "",   "",   "",   "",   "",   "",   "",   "",   "",   "",   "",   "",   "",   "",   "",   "",   "",   "",   "",   "",   "",   "",   "",   "",   "",   "",   "",   "",   "",   "",   "",   "",   "",   "",   "",   "",   "",   "",   "",   "",   "",   "",   "",   "",   "",   "",   "",   "",   "",   "",   "",   "",   "",   "",   "",   "",   "",   "",   "",   "",   "",   "",   "",   "",   "",   "",   "",   "",   "",   "",   "",   "",   "",   "",   "",   "",   "",   "",   "",   "",   "",   "",   "",   "",   "",   "",   "",   "",   "",   "",   "",   "",   "",   "",   "",   "",   "",   "",   "",   "",   "",   "",   "",   "",   "",   "",   "",   "",   "",   "",   "",   "",   "",   "",   "",   "",   "",   "",   "",   "",   "",   "",   "",   "",   "",   "",   "",   "",   "",   "",   "",   "",   "",   "",   "",   "",   "",   "",   "",   "",   "",   "",   "",   "",   "",   "",   "",   "",   "",   "",   "",   "",   "",   "",   "",   "",   "",   "",   "",   "",   "",   "",   "",   "",   "",   "",   "",   "",   "",   "",   "",   "",   "",   "",   "",   "",   "",   "",   "",   "",   "",   "",   "",   "",   "",   "",   "",   "",   "",   "",   "",   "",   "",   "",   "",   "",   "",   "",   "",   "",   "",   "",   "",   "",   "",   "",   "",   "",   "",   "",   "",   "",   "",   "",   "",   "",   "",   "",   "",   "",   "",   "",   "",   "",   "",   "",   "",   "",   "",   "",   "",   "",   "",   "",   "",   "",   "",   "",   "",   "",   "",   "",   "",   "",   "",   "",   "",   "",   "",   "",   "",   "",   "",   "",   "",   "",   "",   "",   "",   "",   "",   "",   "",   "",   "",   "",   "",   "",   "",   "",   "",   "",   "",   "",   "",   "",   "",   "",   "",   "",   "",   "",   "",   "",   "",   "",   "",   "",   "",   "",   "",   "",   "",   "",   "",   "",   "",   "",   "",   "",   "",   "",   "",   "",   "",   "",   "",   "",   "",   "",   "",   "",   "",   "",   "",   "",   "",   "",   "",   "",   "",   "",   ""))
			, ID3 = as.character(c(  "",   "",   "",   "",   "",   "",   "",   "",   "",   "",   "",   "",   "",   "",   "",   "",   "",   "",   "",   "",   "",   "",   "",   "",   "",   "",   "",   "",   "",   "",   "",   "",   "",   "",   "",   "",   "",   "",   "",   "",   "",   "",   "",   "",   "",   "",   "",   "",   "",   "",   "",   "",   "",   "",   "",   "",   "",   "",   "",   "",   "",   "",   "",   "",   "",   "",   "",   "",   "",   "",   "",   "",   "",   "",   "",   "",   "",   "",   "",   "",   "",   "",   "",   "",   "",   "",   "",   "",   "",   "",   "",   "",   "",   "",   "",   "",   "",   "",   "",   "",   "",   "",   "",   "",   "",   "",   "",   "",   "",   "",   "",   "",   "",   "",   "",   "",   "",   "",   "",   "",   "",   "",   "",   "",   "",   "",   "",   "",   "",   "",   "",   "",   "",   "",   "",   "",   "",   "",   "",   "",   "",   "",   "",   "",   "",   "",   "",   "",   "",   "",   "",   "",   "",   "",   "",   "",   "",   "",   "",   "",   "",   "",   "",   "",   "",   "",   "",   "",   "",   "",   "",   "",   "",   "",   "",   "",   "",   "",   "",   "",   "",   "",   "",   "",   "",   "",   "",   "",   "",   "",   "",   "",   "",   "",   "",   "",   "",   "",   "",   "",   "",   "",   "",   "",   "",   "",   "",   "",   "",   "",   "",   "",   "",   "",   "",   "",   "",   "",   "",   "",   "",   "",   "",   "",   "",   "",   "",   "",   "",   "",   "",   "",   "",   "",   "",   "",   "",   "",   "",   "",   "",   "",   "",   "",   "",   "",   "",   "",   "",   "",   "",   "",   "",   "",   "",   "",   "",   "",   "",   "",   "",   "",   "",   "",   "",   "",   "",   "",   "",   "",   "",   "",   "",   "",   "",   "",   "",   "",   "",   "",   "",   "",   "",   "",   "",   "",   "",   "",   "",   "",   "",   "",   "",   "",   "",   "",   "",   "",   "",   "",   "",   "",   "",   "",   "",   "",   "",   "",   "",   "",   "",   "",   "",   "",   "",   "",   "",   "",   "",   "",   "",   "",   "",   "",   "",   "",   "",   "",   "",   "",   "",   "",   "",   "",   "",   "",   "",   "",   "",   "",   "",   "",   "",   "",   "",   "",   "",   "",   "",   "",   "",   "",   "",   "",   "",   "",   "",   "",   "",   "",   "",   "",   "",   "",   "",   "",   "",   "",   "",   "",   "",   "",   "",   "",   "",   "",   "",   "",   "",   "",   "",   "",   "",   "",   "",   "",   "",   "",   "",   "",   "",   "",   "",   "",   "",   "",   "",   "",   "",   "",   "",   "",   "",   "",   "",   "",   "",   "",   "",   "",   "",   "",   "",   "",   "",   "",   "",   "",   "",   ""))
			, ID4 = as.character(c(  "",   "",   "",   "",   "",   "",   "",   "",   "",   "",   "",   "",   "",   "",   "",   "",   "",   "",   "",   "",   "",   "",   "",   "",   "",   "",   "",   "",   "",   "",   "",   "",   "",   "",   "",   "",   "",   "",   "",   "",   "",   "",   "",   "",   "",   "",   "",   "",   "",   "",   "",   "",   "",   "",   "",   "",   "",   "",   "",   "",   "",   "",   "",   "",   "",   "",   "",   "",   "",   "",   "",   "",   "",   "",   "",   "",   "",   "",   "",   "",   "",   "",   "",   "",   "",   "",   "",   "",   "",   "",   "",   "",   "",   "",   "",   "",   "",   "",   "",   "",   "",   "",   "",   "",   "",   "",   "",   "",   "",   "",   "",   "",   "",   "",   "",   "",   "",   "",   "",   "",   "",   "",   "",   "",   "",   "",   "",   "",   "",   "",   "",   "",   "",   "",   "",   "",   "",   "",   "",   "",   "",   "",   "",   "",   "",   "",   "",   "",   "",   "",   "",   "",   "",   "",   "",   "",   "",   "",   "",   "",   "",   "",   "",   "",   "",   "",   "",   "",   "",   "",   "",   "",   "",   "",   "",   "",   "",   "",   "",   "",   "",   "",   "",   "",   "",   "",   "",   "",   "",   "",   "",   "",   "",   "",   "",   "",   "",   "",   "",   "",   "",   "",   "",   "",   "",   "",   "",   "",   "",   "",   "",   "",   "",   "",   "",   "",   "",   "",   "",   "",   "",   "",   "",   "",   "",   "",   "",   "",   "",   "",   "",   "",   "",   "",   "",   "",   "",   "",   "",   "",   "",   "",   "",   "",   "",   "",   "",   "",   "",   "",   "",   "",   "",   "",   "",   "",   "",   "",   "",   "",   "",   "",   "",   "",   "",   "",   "",   "",   "",   "",   "",   "",   "",   "",   "",   "",   "",   "",   "",   "",   "",   "",   "",   "",   "",   "",   "",   "",   "",   "",   "",   "",   "",   "",   "",   "",   "",   "",   "",   "",   "",   "",   "",   "",   "",   "",   "",   "",   "",   "",   "",   "",   "",   "",   "",   "",   "",   "",   "",   "",   "",   "",   "",   "",   "",   "",   "",   "",   "",   "",   "",   "",   "",   "",   "",   "",   "",   "",   "",   "",   "",   "",   "",   "",   "",   "",   "",   "",   "",   "",   "",   "",   "",   "",   "",   "",   "",   "",   "",   "",   "",   "",   "",   "",   "",   "",   "",   "",   "",   "",   "",   "",   "",   "",   "",   "",   "",   "",   "",   "",   "",   "",   "",   "",   "",   "",   "",   "",   "",   "",   "",   "",   "",   "",   "",   "",   "",   "",   "",   "",   "",   "",   "",   "",   "",   "",   "",   "",   "",   "",   "",   "",   "",   "",   "",   "",   "",   "",   "",   ""))
			, ID5 = as.character(c( "1",  "1",  "1",  "1",  "1",  "1",  "1",  "2",  "2",  "2",  "2",  "2",  "2",  "2",  "3",  "3",  "3",  "3",  "3",  "3",  "3",  "4",  "4",  "4",  "4",  "4",  "4",  "4",  "5",  "5",  "5",  "5",  "5",  "5",  "5",  "6",  "6",  "6",  "6",  "6",  "6",  "6",  "7",  "7",  "7",  "7",  "7",  "7",  "7",  "8",  "8",  "8",  "8",  "8",  "8",  "8",  "9",  "9",  "9",  "9",  "9",  "9",  "9", "10", "10", "10", "10", "10", "10", "10", "11", "11", "11", "11", "11", "11", "11", "12", "12", "12", "12", "12", "12", "12", "13", "13", "13", "13", "13", "13", "13", "14", "14", "14", "14", "14", "14", "14", "15", "15", "15", "15", "15", "15", "15", "16", "16", "16", "16", "16", "16", "16", "17", "17", "17", "17", "17", "17", "17", "18", "18", "18", "18", "18", "18", "18", "19", "19", "19", "19", "19", "19", "19", "20", "20", "20", "20", "20", "20", "20", "21", "21", "21", "21", "21", "21", "21", "22", "22", "22", "22", "22", "22", "22", "23", "23", "23", "23", "23", "23", "23", "24", "24", "24", "24", "24", "24", "24", "25", "25", "25", "25", "25", "25", "25", "26", "26", "26", "26", "26", "26", "26", "27", "27", "27", "27", "27", "27", "27", "28", "28", "28", "28", "28", "28", "28", "29", "29", "29", "29", "29", "29", "29", "30", "30", "30", "30", "30", "30", "30", "31", "31", "31", "31", "31", "31", "31", "32", "32", "32", "32", "32", "32", "32", "33", "33", "33", "33", "33", "33", "33", "34", "34", "34", "34", "34", "34", "34", "35", "35", "35", "35", "35", "35", "35", "36", "36", "36", "36", "36", "36", "36", "37", "37", "37", "37", "37", "37", "37", "38", "38", "38", "38", "38", "38", "38", "39", "39", "39", "39", "39", "39", "39", "40", "40", "40", "40", "40", "40", "40", "41", "41", "41", "41", "41", "41", "41", "42", "42", "42", "42", "42", "42", "42", "43", "43", "43", "43", "43", "43", "43", "44", "44", "44", "44", "44", "44", "44", "45", "45", "45", "45", "45", "45", "45", "46", "46", "46", "46", "46", "46", "46", "47", "47", "47", "47", "47", "47", "47", "48", "48", "48", "48", "48", "48", "48", "49", "49", "49", "49", "49", "49", "49", "50", "50", "50", "50", "50", "50", "50", "51", "51", "51", "51", "51", "51", "51", "52", "52", "52", "52", "52", "52", "52", "53", "53", "53", "53", "53", "53", "53", "54", "54", "54", "54", "54", "54", "54", "55", "55", "55", "55", "55", "55", "55", "56", "56", "56", "56", "56", "56", "56", "57", "57", "57", "57", "57", "57", "57", "58", "58", "58", "58", "58", "58", "58", "59", "59", "59", "59", "59", "59", "59", "60", "60", "60", "60", "60", "60", "60"))
			, IVAR = c(0.64, 1.99, 6.43, 12.03, 22.28, 48.91, 80.15, 0.58, 2.03, 7.46, 12.58, 22.36, 51.02, 87.44, 0.44, 2.06, 5.74, 12, 24.18, 45.25, 90.69, 0.49, 2.25, 5.15, 12.73, 24.81, 53.38, 93.12, 0.52, 2.05, 5.68, 13.54, 26.95, 51.48, 112.51, 0.53, 1.76, 5.67, 10.62, 22.89, 45.11, 96.41, 0.46, 2.03, 5.62, 14.32, 25.78, 52.57, 99.76, 0.59, 1.88, 5.73, 13.85, 22.49, 47.01, 92.3, 0.48, 1.94, 6.3, 11.79, 22.82, 54.9, 93.96, 0.49, 1.98, 6.44, 11.91, 23.91, 44.84, 92.94, 0.5, 1.89, 6.33, 10.31, 24.75, 41.16, 93.15, 0.47, 1.87, 5.97, 9.91, 27, 40.64, 91.65, 0.45, 1.86, 7.39, 12.02, 21.1, 40.74, 100.42, 0.5, 1.94, 5.47, 10.34, 21.55, 53.05, 90.22, 0.44, 2.41, 6.26, 11.72, 26.68, 52.45, 90.24, 0.62, 1.95, 5.2, 11.83, 24.5, 60.46, 97.02, 0.52, 1.98, 5.8, 11.96, 25.97, 59.07, 106.39, 0.56, 1.77, 6.62, 12.27, 20.72, 50.57, 94.49, 0.58, 1.85, 5.75, 10.94, 23.58, 49.97, 89.23, 0.54, 1.77, 5.4, 13.86, 21.68, 50.02, 92.41, 0.52, 2.37, 7.03, 11.61, 19.1, 61.62, 102.62, 0.53, 2, 6.31, 11.8, 25.03, 46.12, 83.71, 0.55, 2.33, 5.82, 10.59, 25.59, 47.79, 80.72, 0.5, 1.88, 5.8, 10.69, 28.74, 46.44, 81.76, 0.51, 2.05, 5.44, 8.99, 22.51, 50.82, 95.43, 0.5, 2.12, 5.33, 13.39, 23.99, 51.52, 106.46, 0.51, 1.83, 6.74, 9.82, 22.73, 46.79, 94.42, 0.55, 2.03, 6.25, 11.92, 23.41, 51.46, 107.66, 0.39, 2.12, 6.23, 11.5, 26.39, 46.17, 93.31, 0.54, 2.38, 6.16, 11.5, 21.31, 46.44, 87.39, 0.49, 2.08, 5.51, 15.64, 24.38, 53.74, 76.36, 0.54, 1.75, 6.58, 12.49, 23.04, 54.8, 89.5, 0.47, 1.81, 5.61, 13.19, 25.06, 53.08, 92.33, 0.52, 2.05, 5.2, 14.34, 24.32, 51.82, 105.62, 0.5, 1.94, 6.56, 10.81, 29.23, 46.19, 113.27, 0.58, 2.02, 6.35, 10.83, 24.79, 53.28, 96.96, 0.48, 1.87, 5.98, 13.35, 22.87, 47.42, 84.35, 0.53, 2.28, 6.97, 13.02, 19.91, 50.37, 100.48, 0.48, 2.03, 5.5, 12.84, 23.23, 41.03, 92.54, 0.57, 1.93, 6.46, 13.19, 24.01, 46.34, 91.05, 0.54, 1.8, 6.15, 11.66, 19.14, 41.69, 105.21, 0.49, 2.17, 7.25, 13.91, 25.68, 49.86, 94.17, 0.59, 2.12, 5.34, 11.81, 19.81, 47.07, 74.08, 0.57, 1.88, 5.75, 11.8, 25.52, 51.37, 101.61, 0.47, 1.75, 5.77, 12.34, 22.1, 47.67, 85.42, 0.5, 2.03, 5.91, 11.8, 28.63, 51.8, 107.29, 0.46, 2.03, 6.73, 11.93, 19.4, 49.68, 79.35, 0.46, 2.28, 6.38, 13.38, 24.75, 47.47, 87.52, 0.59, 2.01, 5.59, 13.08, 26.72, 58.02, 90.38, 0.48, 1.92, 5.78, 11.57, 23.3, 55.44, 89.53, 0.48, 2.13, 6.71, 11.11, 22.81, 50.58, 106.28, 0.49, 1.73, 7.12, 13.85, 22.35, 47.69, 80.51, 0.53, 2.35, 5.09, 11.1, 22.51, 44.84, 78.34, 0.53, 1.72, 5.99, 12.73, 23.53, 52.48, 95.75, 0.47, 2.13, 5.75, 14.33, 23.96, 52.27, 97.99, 0.37, 1.74, 5.75, 12.29, 18.99, 52.85, 90.37, 0.46, 1.71, 5.19, 12.07, 25.25, 38.92, 86.83, 0.53, 1.91, 7.45, 13.59, 25.47, 48.02, 98.72, 0.47, 2.13, 6.96, 13.37, 22.13, 40.83, 94.95, 0.52, 2.29, 5.26, 12.45, 24.57, 54.09, 95.73)
			, TAD = c(0.64, 1.99, 6.43, 12.03, 22.28, 48.91, 80.15, 0.58, 2.03, 7.46, 12.58, 22.36, 51.02, 87.44, 0.44, 2.06, 5.74, 12, 24.18, 45.25, 90.69, 0.49, 2.25, 5.15, 12.73, 24.81, 53.38, 93.12, 0.52, 2.05, 5.68, 13.54, 26.95, 51.48, 112.51, 0.53, 1.76, 5.67, 10.62, 22.89, 45.11, 96.41, 0.46, 2.03, 5.62, 14.32, 25.78, 52.57, 99.76, 0.59, 1.88, 5.73, 13.85, 22.49, 47.01, 92.3, 0.48, 1.94, 6.3, 11.79, 22.82, 54.9, 93.96, 0.49, 1.98, 6.44, 11.91, 23.91, 44.84, 92.94, 0.5, 1.89, 6.33, 10.31, 24.75, 41.16, 93.15, 0.47, 1.87, 5.97, 9.91, 27, 40.64, 91.65, 0.45, 1.86, 7.39, 12.02, 21.1, 40.74, 100.42, 0.5, 1.94, 5.47, 10.34, 21.55, 53.05, 90.22, 0.44, 2.41, 6.26, 11.72, 26.68, 52.45, 90.24, 0.62, 1.95, 5.2, 11.83, 24.5, 60.46, 97.02, 0.52, 1.98, 5.8, 11.96, 25.97, 59.07, 106.39, 0.56, 1.77, 6.62, 12.27, 20.72, 50.57, 94.49, 0.58, 1.85, 5.75, 10.94, 23.58, 49.97, 89.23, 0.54, 1.77, 5.4, 13.86, 21.68, 50.02, 92.41, 0.52, 2.37, 7.03, 11.61, 19.1, 61.62, 102.62, 0.53, 2, 6.31, 11.8, 25.03, 46.12, 83.71, 0.55, 2.33, 5.82, 10.59, 25.59, 47.79, 80.72, 0.5, 1.88, 5.8, 10.69, 28.74, 46.44, 81.76, 0.51, 2.05, 5.44, 8.99, 22.51, 50.82, 95.43, 0.5, 2.12, 5.33, 13.39, 23.99, 51.52, 106.46, 0.51, 1.83, 6.74, 9.82, 22.73, 46.79, 94.42, 0.55, 2.03, 6.25, 11.92, 23.41, 51.46, 107.66, 0.39, 2.12, 6.23, 11.5, 26.39, 46.17, 93.31, 0.54, 2.38, 6.16, 11.5, 21.31, 46.44, 87.39, 0.49, 2.08, 5.51, 15.64, 24.38, 53.74, 76.36, 0.54, 1.75, 6.58, 12.49, 23.04, 54.8, 89.5, 0.47, 1.81, 5.61, 13.19, 25.06, 53.08, 92.33, 0.52, 2.05, 5.2, 14.34, 24.32, 51.82, 105.62, 0.5, 1.94, 6.56, 10.81, 29.23, 46.19, 113.27, 0.58, 2.02, 6.35, 10.83, 24.79, 53.28, 96.96, 0.48, 1.87, 5.98, 13.35, 22.87, 47.42, 84.35, 0.53, 2.28, 6.97, 13.02, 19.91, 50.37, 100.48, 0.48, 2.03, 5.5, 12.84, 23.23, 41.03, 92.54, 0.57, 1.93, 6.46, 13.19, 24.01, 46.34, 91.05, 0.54, 1.8, 6.15, 11.66, 19.14, 41.69, 105.21, 0.49, 2.17, 7.25, 13.91, 25.68, 49.86, 94.17, 0.59, 2.12, 5.34, 11.81, 19.81, 47.07, 74.08, 0.57, 1.88, 5.75, 11.8, 25.52, 51.37, 101.61, 0.47, 1.75, 5.77, 12.34, 22.1, 47.67, 85.42, 0.5, 2.03, 5.91, 11.8, 28.63, 51.8, 107.29, 0.46, 2.03, 6.73, 11.93, 19.4, 49.68, 79.35, 0.46, 2.28, 6.38, 13.38, 24.75, 47.47, 87.52, 0.59, 2.01, 5.59, 13.08, 26.72, 58.02, 90.38, 0.48, 1.92, 5.78, 11.57, 23.3, 55.44, 89.53, 0.48, 2.13, 6.71, 11.11, 22.81, 50.58, 106.28, 0.49, 1.73, 7.12, 13.85, 22.35, 47.69, 80.51, 0.53, 2.35, 5.09, 11.1, 22.51, 44.84, 78.34, 0.53, 1.72, 5.99, 12.73, 23.53, 52.48, 95.75, 0.47, 2.13, 5.75, 14.33, 23.96, 52.27, 97.99, 0.37, 1.74, 5.75, 12.29, 18.99, 52.85, 90.37, 0.46, 1.71, 5.19, 12.07, 25.25, 38.92, 86.83, 0.53, 1.91, 7.45, 13.59, 25.47, 48.02, 98.72, 0.47, 2.13, 6.96, 13.37, 22.13, 40.83, 94.95, 0.52, 2.29, 5.26, 12.45, 24.57, 54.09, 95.73)
			, PRED = c(  3971.84,   6586.05,   6880.55,   6455.52,   5685.94,   3792.51,   1886.19,   3719.52,   6613.62,   6803.48,   6413.77,   5680.01,    3650.9,   1517.84,    3051.6,   6633.32,   6929.92,    6457.8,    5545.4,   4041.55,   1365.83,   3303.67,   6740.78,   6968.52,   6402.39,   5498.96,   3494.31,   1257.48,   3447.52,   6626.84,   6934.05,   6341.02,    5341.8,   3620.23,   572.434,   3494.29,   6395.05,   6934.73,   6562.75,   5640.75,   4051.16,   1118.33,   3154.32,   6613.62,   6938.14,   6282.01,   5427.61,   3547.83,   985.933,    3762.9,   6502.03,   6930.61,   6317.55,   5670.38,   3921.27,   1293.52,   3254.51,    6549.4,   6890.06,   6473.75,   5645.93,    3394.5,   1221.11,   3303.67,   6578.92,   6879.81,   6464.63,   5565.33,   4069.71,   1265.34,   3352.22,    6510.2,   6887.87,   6586.37,   5503.38,   4324.61,   1256.17,   3204.73,   6493.76,   6913.81,   6616.86,   5338.14,   4360.94,   1322.47,   3103.28,   6485.37,   6808.78,   6456.28,   5773.58,   4353.95,   960.985,   3352.22,    6549.4,   6948.18,   6584.08,   5740.13,   3516.09,   1387.32,    3051.6,   6811.33,   6892.97,   6479.07,   5361.58,   3555.78,    1386.4,   3889.83,   6556.93,   6965.46,   6470.71,    5521.8,    3036.9,   1093.51,   3447.52,   6578.92,   6925.76,   6460.83,   5413.66,   3125.15,   752.761,   3631.12,   6404.63,   6866.53,   6437.29,   5801.86,   3680.98,   1198.46,   3719.52,   6476.87,   6929.23,   6538.39,   5589.71,   3721.19,   1433.14,   3540.47,   6404.63,   6952.77,    6316.8,   5730.47,   3717.83,   1288.66,   3447.52,   6795.19,   6835.92,   6487.43,   5922.71,   2963.87,   880.574,   3494.29,   6593.08,   6889.33,   6472.99,   5482.76,   3981.98,   1701.77,   3586.08,   6778.09,   6924.37,   6565.04,   5441.57,   3868.27,    1856.1,   3352.22,   6502.03,   6925.76,   6557.42,   5211.08,   3960.12,   1801.75,   3400.17,   6626.84,   6950.16,   6687.02,   5668.89,   3664.26,   1158.85,   3352.22,   6670.38,   6957.28,   6352.37,   5559.43,   3617.56,   750.508,   3400.17,   6459.53,   6857.61,   6623.72,    5652.6,   3936.26,   1201.44,   3586.08,   6613.62,    6893.7,   6463.87,   5602.27,   3621.56,   712.573,   2783.27,   6670.38,   6895.15,   6495.79,   5382.84,   3978.56,    1249.2,   3540.47,   6799.31,   6900.21,   6495.79,   5757.96,   3960.12,   1520.24,   3303.67,   6646.02,   6945.53,    6182.4,   5530.65,   3470.59,   2091.36,   3540.47,   6385.34,   6869.49,    6420.6,   5629.64,   3401.04,   1420.57,   3204.73,   6441.72,   6938.82,   6367.52,   5480.55,    3514.1,   1292.19,   3447.52,   6626.84,   6965.46,    6280.5,   5535.08,    3597.6,   777.833,   3352.22,    6549.4,   6870.97,   6548.29,   5175.42,   3977.19,   552.377,   3719.52,   6606.86,   6886.41,   6546.76,   5500.43,    3500.9,   1095.94,   3254.51,   6493.76,    6913.1,    6355.4,   5642.23,   3893.39,   1669.52,   3494.29,   6755.28,   6840.42,    6380.4,   5862.22,   3694.37,   958.735,   3254.51,   6613.62,    6946.2,   6394.05,   5615.59,   4333.69,   1282.92,    3675.6,   6541.77,   6878.34,   6367.52,   5557.95,   3966.95,   1349.49,   3540.47,   6432.63,   6900.93,   6483.63,   5919.72,   4287.66,     791.4,   3303.67,   6698.99,   6819.35,   6313.01,   5434.96,   3728.57,   1212.11,    3762.9,   6670.38,   6956.64,   6472.23,   5869.68,   3917.19,    2218.9,    3675.6,   6502.03,   6929.23,   6472.99,   5446.71,   3627.56,   916.962,   3204.73,   6385.34,   6927.85,   6431.98,    5699.3,   3876.42,   1616.23,   3352.22,   6613.62,   6918.06,   6472.99,    5219.1,   3598.93,   724.131,   3154.32,   6613.62,   6858.36,   6463.11,   5900.29,   3740.66,   1928.76,   3154.32,   6755.28,   6884.21,   6353.13,   5503.38,   3889.99,      1514,    3762.9,   6600.02,   6940.17,   6375.86,   5358.65,   3192.33,   1379.99,   3254.51,   6534.04,   6927.16,   6490.47,   5610.41,   3359.24,   1419.18,   3254.51,   6676.26,   6859.84,   6525.45,   5646.67,   3680.31,    756.31,   3303.67,   6365.53,   6829.15,   6317.55,   5680.75,   3875.06,   1867.16,   3494.29,   6786.76,   6972.13,   6526.22,   5668.89,   4069.71,   1983.07,   3494.29,   6355.42,   6912.39,   6402.39,    5593.4,    3553.8,   1145.53,   3204.73,   6676.26,   6929.23,   6281.26,   5561.64,   3567.72,   1054.69,   2671.16,    6375.5,   6929.23,   6435.78,   5930.93,    3529.3,   1380.45,   3154.32,   6345.18,   6966.08,   6452.48,   5466.57,   4481.62,   1547.24,   3494.29,    6526.2,   6804.24,   6337.23,   5450.39,   3852.68,   1026.01,   3204.73,   6676.26,   6841.17,   6353.89,   5697.07,   4347.66,   1178.98,   3447.52,   6759.97,   6961.72,   6423.63,   5516.64,   3447.58,   1146.36)
