TABLE NO.     1: First Order Conditional Estimation with Interaction: Problem=1 Subproblem=0 Superproblem1=0 Iteration1=0 Superproblem2=0 Iteration2=0
 NAME         THETA1       THETA2       THETA3       THETA4       SIGMA(1,1)   SIGMA(2,1)   SIGMA(2,2)   OMEGA(1,1)   OMEGA(2,1)   OMEGA(2,2)
 THETA1        2.87973E+01  6.67915E+08  1.82715E+03 -1.38811E+05 -6.08384E-02  0.00000E+00  2.85222E+06  4.89000E+02 -3.23534E+02 -2.67554E+02
 THETA2        6.67915E+08  1.54916E+16  4.23792E+10 -3.21958E+12 -1.41113E+06  0.00000E+00  6.61540E+13  1.13251E+10 -7.48646E+09 -6.21324E+09
 THETA3        1.82715E+03  4.23792E+10  1.15937E+05 -8.80757E+06 -3.86050E+00  0.00000E+00  1.80973E+08  3.09432E+04 -2.04506E+04 -1.69767E+04
 THETA4       -1.38811E+05 -3.21958E+12 -8.80757E+06  6.69118E+08  2.93271E+02  0.00000E+00 -1.37486E+10 -2.35348E+06  1.55535E+06  1.29230E+06
 SIGMA(1,1)   -6.08384E-02 -1.41113E+06 -3.86050E+00  2.93271E+02  1.28605E-04  0.00000E+00 -6.02603E+03 -1.02408E+00  6.76933E-01  5.60295E-01
 SIGMA(2,1)    0.00000E+00  0.00000E+00  0.00000E+00  0.00000E+00  0.00000E+00  0.00000E+00  0.00000E+00  0.00000E+00  0.00000E+00  0.00000E+00
 SIGMA(2,2)    2.85222E+06  6.61540E+13  1.80973E+08 -1.37486E+10 -6.02603E+03  0.00000E+00  2.82499E+11  4.83679E+07 -3.19882E+07 -2.64996E+07
 OMEGA(1,1)    4.89000E+02  1.13251E+10  3.09432E+04 -2.35348E+06 -1.02408E+00  0.00000E+00  4.83679E+07  1.11775E+04 -8.79206E+03 -3.48938E+03
 OMEGA(2,1)   -3.23534E+02 -7.48646E+09 -2.04506E+04  1.55535E+06  6.76933E-01  0.00000E+00 -3.19882E+07 -8.79206E+03  1.00027E+04 -5.74086E+02
 OMEGA(2,2)   -2.67554E+02 -6.21324E+09 -1.69767E+04  1.29230E+06  5.60295E-01  0.00000E+00 -2.64996E+07 -3.48938E+03 -5.74086E+02  9.10041E+03
