TABLE NO.     1: First Order Conditional Estimation with Interaction: Problem=1 Subproblem=0 Superproblem1=0 Iteration1=0 Superproblem2=0 Iteration2=0
 NAME         THETA1       THETA2       THETA3       THETA4       SIGMA(1,1)   SIGMA(2,1)   SIGMA(2,2)   OMEGA(1,1)   OMEGA(2,1)   OMEGA(2,2)
 THETA1        1.00258E+02 -9.14348E-02  2.57235E-01 -1.15609E-01 -2.14551E-01  0.00000E+00 -6.38908E-02 -5.09541E-01 -1.91932E-01  9.26972E-03
 THETA2       -9.14348E-02  7.11506E-05  8.62546E-02  9.40704E-01 -1.72453E-01  0.00000E+00 -9.43510E-01  1.26479E-01 -6.72931E-02  5.15352E-01
 THETA3        2.57235E-01  8.62546E-02  6.54627E-01  2.16664E-01  1.41918E-01  0.00000E+00 -3.03820E-02 -3.59977E-02 -8.19596E-02 -2.43371E-01
 THETA4       -1.15609E-01  9.40704E-01  2.16664E-01  1.72336E-01 -2.51132E-02  0.00000E+00 -7.84317E-01  8.26594E-02 -8.28030E-02  2.57430E-01
 SIGMA(1,1)   -2.14551E-01 -1.72453E-01  1.41918E-01 -2.51132E-02  6.27228E+03  0.00000E+00  3.19178E-01 -3.19309E-01 -1.78535E-02 -1.87302E-01
 SIGMA(2,1)    0.00000E+00  0.00000E+00  0.00000E+00  0.00000E+00  0.00000E+00  0.00000E+00  0.00000E+00  0.00000E+00  0.00000E+00  0.00000E+00
 SIGMA(2,2)   -6.38908E-02 -9.43510E-01 -3.03820E-02 -7.84317E-01  3.19178E-01  0.00000E+00  9.26118E-03 -1.00526E-01  7.03595E-02 -6.86456E-01
 OMEGA(1,1)   -5.09541E-01  1.26479E-01 -3.59977E-02  8.26594E-02 -3.19309E-01  0.00000E+00 -1.00526E-01  4.38020E-02  6.72358E-01  1.73500E-01
 OMEGA(2,1)   -1.91932E-01 -6.72931E-02 -8.19596E-02 -8.28030E-02 -1.78535E-02  0.00000E+00  7.03595E-02  6.72358E-01  2.50611E-02  2.78501E-01
 OMEGA(2,2)    9.26972E-03  5.15352E-01 -2.43371E-01  2.57430E-01 -1.87302E-01  0.00000E+00 -6.86456E-01  1.73500E-01  2.78501E-01  3.17136E-02
