dmp.txt <- structure(
	.Data = list(
		"coefficients" = list(
			"fixed" = c("CMultStdev" = 0.517083651662752, "tvVmax" = 1788.08892895561, "tvKm" = 2898.28570780125, "tvV" = 5.58224203210505, "tvKa" = 0.555306507780558, "K12" = 2.59605970206929, "K21" = 0.921968560290938, "CEps" = 0.504773555255589)
			, "random" = list("Subject" = matrix(
				as.numeric(c(
					 0.00499107162401776,  -0.190375212287139,  0.0334035223597556
					,  -0.0805718107451703,  -0.0341609365178037,  0.418508991422822
					,  0.507692245175876,  0.118374388443264,  -0.0583441225464577
					,  0.0523456806430126,  -0.300940051715681,  -0.078156636952722
					,  0.0326883086681425,  0.188149244523515,  -0.273470025351567
					,  0.160848184589871,  -0.348092129252817,  -0.193954025876156
					,  0.198693903947156,  -0.698891220248175,  0.188725234912741
					,  -0.344126219819571,  0.145757281125472,  -0.382426324260733
					,  0.281419488411944,  0.599576146082893,  0.378880112282372
					,  -0.749571243228195,  0.453467985752353,  0.798040270810727
					,  -1.01383163868276,  0.0711125747196228,  0.45543731150219
					,  0.0649988885137744,  -0.0730452772396104,  0.628699015018907
					,  -0.389513914652986,  0.668678618625925,  0.603257223047595
					,  -0.0395070634274876,  0.0673146494182098,  0.547884965164803
					,  0.231128516302828,  -0.845046345717283,  -0.0727465738997573
					,  -0.142975560778348,  -0.78022058710686,  0.150023148731323
					,  0.223686043908316,  0.0154396597615203,  -0.163481244886345
					,  0.235770406276809,  -0.198066940828739,  0.578608145980012
					,  -0.0203940717133968,  0.105805323956096,  -0.283390767985043
					,  -0.0887440516969736,  0.204233393397197,  -0.105221397916186
					,  -0.698978087829429,  -0.204328821532605,  0.0310982774867467
					,  -0.520165531338297,  -0.0874228930385462,  0.0642382192866061
					,  0.158929299588322,  -0.213482138127382,  0.0780997374593853
					,  -0.261167640978844,  -0.101331276320286,  0.33906430392571
					,  -0.0244965930842831,  0.400292449893309,  -0.131650779821187
					,  0.017727473041398,  0.0966506984636056,  -0.224511166866103
					,  -0.0163860391756039,  -0.319784946329929,  0.269435697459585
					,  -0.373063418360907,  -0.0538051145238681,  -0.220849752740227
					,  0.159624184163203,  0.330221016726374,  -0.384279689869242
					,  -0.415515796695787,  0.349225786901366,  0.174704698956253
					,  -0.852992083328657,  0.318821210105717,  0.313313239833268
					,  -0.1827513219962,  0.142461685558213,  0.594305930947425
					,  -0.156535000053167,  0.469331010307443,  0.148773052345597
					,  -0.0289916447929574,  -0.49750698606236,  0.281442454029366
					,  0.188835311156086,  -0.216108094296332,  0.221502569640883
					,  0.138440623879463,  -0.571325183869756,  0.28744868554015
					,  -0.0124535753799059,  0.210379394524025,  0.26086353283031
					,  -0.228625025310206,  -0.189677154874853,  0.285388020807842
					,  0.369986163348272,  0.261151370360637,  -0.290952488197797
					,  -0.390748219696056,  0.077859407029442,  -0.202465425631779
					))
				, nrow = 60, ncol = 2
				, dimnames = list(
					as.character(c( "1", "2", "3", "4", "5", "6", "7", "8", "9", "10"
					  , "11", "12", "13", "14", "15", "16", "17", "18", "19", "20"
					  , "21", "22", "23", "24", "25", "26", "27", "28", "29", "30"
					  , "31", "32", "33", "34", "35", "36", "37", "38", "39", "40"
					  , "41", "42", "43", "44", "45", "46", "47", "48", "49", "50"
					  , "51", "52", "53", "54", "55", "56", "57", "58", "59", "60"))
					, as.character(c("nVmax", "nV"))
					)
				))
			)
		, "logLik" = c(-3733.15)
		, "nObs" = c(420)
		, "nSubj" = c(60)
		, "nParm" = c(11)
		, "returnCode" = c(1)
		, "omega" = matrix(
			as.numeric(c(0.19082070323545, 0.0796697399382983, 0.0796697399382983, 0.127811176739145))
			, nrow = 2, ncol = 2
			, dimnames = list(
				as.character(c("nVmax", "nV"))
				, as.character(c("nVmax", "nV"))
				)
			)
		, "eta" = matrix(
			as.numeric(c(0.0244062424961184, -0.0172122730754425, 0.144814997689196, 0.0922966432171567, 0.380545657824651, 0.30380362607638, 0.128847825883408, 0.150216026129439))
			, nrow = 2, ncol = 4
			, dimnames = list(
				as.character(c("nVmax", "nV"))
				, as.character(c("mean", "var", "sd", "shrinkage"))
				)
			)
		, "eta_shrinkage" = list("Subject" = matrix(
			as.numeric(c(
				 0.106917448678349,  0.280759995607529,  0.231475722544195
				,  0.12154516459271,  0.145771816643944,  0.106362800013092
				,  0.0979418734074506,  0.129048515597165,  0.262834394003583
				,  0.138776977187976,  0.353129325716991,  0.383559304902645
				,  0.182157317464117,  0.269521815412371,  0.328709292159757
				,  0.141679803231788,  0.355714535503018,  0.242999020182671
				,  0.154247308268367,  0.494856243647641,  0.179168366939817
				,  0.34521356470773,  0.197547573144654,  0.413906621090265
				,  0.152440485046486,  0.104215656382853,  0.064753704996636
				,  0.431349761534711,  0.155007880107667,  0.0868818694019433
				,  0.593908774505679,  0.295598638060292,  0.142824572266522
				,  0.114597221008126,  0.222089268229782,  0.151775413423885
				,  0.422121587323382,  0.120628825904423,  0.0991395186071314
				,  0.244404450536345,  0.0741852357488214,  0.116769299379736
				,  0.264849698029365,  0.540546497316792,  0.365386668448559
				,  0.269794006318534,  0.541244041781069,  0.267753511217411
				,  0.134508985919613,  0.286383125057971,  0.327097710479309
				,  0.124918616243192,  0.349451336371315,  0.110053452133927
				,  0.324136986063118,  0.262482029061809,  0.324307240348013
				,  0.136869391600556,  0.165442044985767,  0.196294809091098
				,  0.267551750025608,  0.261246509988297,  0.269018699566777
				,  0.267560714298739,  0.269301315911214,  0.274118274652427
				,  0.281073113128219,  0.271185694981448,  0.268545140032111
				,  0.268320037576564,  0.252386177460218,  0.259361013608641
				,  0.266243278082367,  0.27531530957125,  0.258066535237443
				,  0.280930848002534,  0.257578290047054,  0.261415613966609
				,  0.277046899223176,  0.237532039156239,  0.280432912141481
				,  0.251062625056092,  0.275973637374858,  0.248328068865846
				,  0.278184296843313,  0.280017435036599,  0.259342259140824
				,  0.23944428207626,  0.284372879838336,  0.2787944470641
				,  0.225745032343564,  0.272547328700145,  0.2884045308081
				,  0.270085172095446,  0.267378072804829,  0.292064778147468
				,  0.247831176190929,  0.285176674093109,  0.2748812702619
				,  0.267019807525598,  0.25711911966305,  0.28690376103834
				,  0.275230952650946,  0.235252865460631,  0.261123441694616
				,  0.266118442286222,  0.23141547641504,  0.274750901741573
				,  0.284526242109688,  0.270667239760197,  0.26171510076442
				,  0.277959401792853,  0.25477899277443,  0.285712829578411
				,  0.267884555779837,  0.272306545896448,  0.252143273380734
				,  0.265770102286037,  0.272254486522827,  0.26815969642139
				))
			, nrow = 60, ncol = 2
			, dimnames = list(
				as.character(c( "1", "2", "3", "4", "5", "6", "7", "8", "9", "10"
				  , "11", "12", "13", "14", "15", "16", "17", "18", "19", "20"
				  , "21", "22", "23", "24", "25", "26", "27", "28", "29", "30"
				  , "31", "32", "33", "34", "35", "36", "37", "38", "39", "40"
				  , "41", "42", "43", "44", "45", "46", "47", "48", "49", "50"
				  , "51", "52", "53", "54", "55", "56", "57", "58", "59", "60"))
				, as.character(c("nVmax_shrinkage", "nV_shrinkage"))
				)
			))
		, "sigma" = matrix(
			as.numeric(c(0.254796342085367))
			, nrow = 1, ncol = 1
			, dimnames = list(
				as.character(c("CEps"))
				, as.character(c("CEps"))
				)
			)
		, "method" = "FOCE-ELS"
		, "varFix" = matrix(
			as.numeric(c(0.00122855365908415, -2.11351384476236, -11.6030358495754, 0.0324103922131077, 0.00256398298909669, -0.00288541661669892, 0.00412880059683848, 0.000417953527450823, -2.11351384476236, 955232.677051544, 2885748.75935197, -925.410961222471, -121.337371561877, -203.497885935563, -248.625036126204, -87.8864926120567, -11.6030358495754, 2885748.75935197, 8902577.33864898, -2626.23225209626, -322.869781078381, -404.647254854675, -620.19087628739, -487.867697313307, 0.0324103922131077, -925.410961222471, -2626.23225209626, 11.4517472343721, 1.41721804262404, 2.6191350480822, 3.31571922531321, -3.44781411833792, 0.00256398298909669, -121.337371561877, -322.869781078381, 1.41721804262404, 0.247225406991807, 1.04921295844976, 0.667440541984506, -0.645296948133607, -0.00288541661669892, -203.497885935563, -404.647254854675, 2.6191350480822, 1.04921295844976, 8.11521648675945, 3.39654450315726, -3.0591416058981, 0.00412880059683848, -248.625036126204, -620.19087628739, 3.31571922531321, 0.667440541984506, 3.39654450315726, 1.89478270535817, -1.81320216889722, 0.000417953527450823, -87.8864926120567, -487.867697313307, -3.44781411833792, -0.645296948133607, -3.0591416058981, -1.81320216889722, 3.73117595401443))
			, nrow = 8, ncol = 8
			, dimnames = list(
				as.character(c("CMultStdev", "tvVmax", "tvKm", "tvV", "tvKa", "K12", "K21", "CEps"))
				, as.character(c("CMultStdev", "tvVmax", "tvKm", "tvV", "tvKa", "K12", "K21", "CEps"))
				)
			)
		, "omegaSE" = matrix(
			as.numeric(c(0.0917896035467583, 0.044115542254708, 0.044115542254708, 0.0395288819010497))
			, nrow = 2, ncol = 2, byrow = TRUE
			, dimnames = list(
				as.character(c("nVmax", "nV"))
				, as.character(c("nVmax", "nV"))
				)
			)
		, "Covariance" = matrix(
			as.numeric(c(0.0012285537, -2.1135138, -11.603036, 0.032410392, 0.002563983, -0.0028854166, 0.0041288006, 0.00041795353, -6.4439033e-005, 7.8533192e-005, 4.264813e-005, -2.1135138, 955232.68, 2885748.8, -925.41096, -121.33737, -203.49789, -248.62504, -87.886493, 75.983835,  31.39704, -4.8953478, -11.603036, 2885748.8, 8902577.3, -2626.2323, -322.86978, -404.64725, -620.19088, -487.8677, 225.95764, 95.234863, -16.715923, 0.032410392, -925.41096, -2626.2323, 11.451747,  1.417218,  2.619135, 3.3157192, -3.4478141, -0.060326024, -0.01155995, -0.0074007313, 0.002563983, -121.33737, -322.86978,  1.417218, 0.24722541,  1.049213, 0.66744054, -0.64529695, -0.010504625, -0.0010377533, -0.00089186321, -0.0028854166, -203.49789, -404.64725,  2.619135,  1.049213, 8.1152165, 3.3965445, -3.0591416, -0.039239798, 0.0041521711, 0.0019121195, 0.0041288006, -248.62504, -620.19088, 3.3157192, 0.66744054, 3.3965445, 1.8947827, -1.8132022, -0.025848832, -0.00065121125, -0.0021701882, 0.00041795353, -87.886493, -487.8677, -3.4478141, -0.64529695, -3.0591416, -1.8132022,  3.731176, 1.5403229e-005, -0.011864619, -0.0033258503, -6.4439033e-005, 75.983835, 225.95764, -0.060326024, -0.010504625, -0.039239798, -0.025848832, 1.5403229e-005, 0.0084253313, 0.0027808336, -0.00031169455, 7.8533192e-005,  31.39704, 95.234863, -0.01155995, -0.0010377533, 0.0041521711, -0.00065121125, -0.011864619, 0.0027808336, 0.0019461811, 0.000465121, 4.264813e-005, -4.8953478, -16.715923, -0.0074007313, -0.00089186321, 0.0019121195, -0.0021701882, -0.0033258503, -0.00031169455, 0.000465121, 0.0015625325))
			, nrow = 11, ncol = 11
			, dimnames = list(
				as.character(c("CMultStdev", "tvVmax", "tvKm", "tvV", "tvKa", "K12", "K21", "stdev0", "nVmax-nVmax", "nV-nVmax", "nV-nV"))
				, as.character(c("CMultStdev", "tvVmax", "tvKm", "tvV", "tvKa", "K12", "K21", "stdev0", "nVmax-nVmax", "nV-nVmax", "nV-nV"))
				)
			)
		, "Correlation" = matrix(
			as.numeric(c(0.03505073, -0.061695494, -0.11094729, 0.27324445, 0.14711994, -0.028897576, 0.085575045, 0.0061731676, -0.020028963, 0.050788403, 0.030781402, -0.061695494, 977.36005, 0.98956894, -0.27979772, -0.24968557, -0.073089546, -0.18480366, -0.046552679, 0.84697995, 0.72818629, -0.12671103, -0.11094729, 0.98956894, 2983.7187, -0.26009942, -0.21763211, -0.047606764, -0.15100377, -0.0846489, 0.82504123, 0.7235132, -0.14172875, 0.27324445, -0.27979772, -0.26009942,  3.384043, 0.84227565, 0.27168894, 0.71180685, -0.52745462, -0.19421167, -0.077433424, -0.055325357, 0.14711994, -0.24968557, -0.21763211, 0.84227565, 0.49721767, 0.74074212, 0.97518346, -0.67187765, -0.23016565, -0.047310326, -0.045377145, -0.028897576, -0.073089546, -0.047606764, 0.27168894, 0.74074212, 2.8487219, 0.8661788, -0.55593838, -0.15006631, 0.033039508, 0.016980499, 0.085575045, -0.18480366, -0.15100377, 0.71180685, 0.97518346, 0.8661788, 1.3765111, -0.68193606, -0.20458214, -0.010723846, -0.039884409, 0.0061731676, -0.046552679, -0.0846489, -0.52745462, -0.67187765, -0.55593838, -0.68193606, 1.9316252, 8.6875117e-005, -0.13923208, -0.043557736, -0.020028963, 0.84697995, 0.82504123, -0.19421167, -0.23016565, -0.15006631, -0.20458214, 8.6875117e-005, 0.091789604, 0.68673612, -0.085905541, 0.050788403, 0.72818629, 0.7235132, -0.077433424, -0.047310326, 0.033039508, -0.010723846, -0.13923208, 0.68673612, 0.044115542, 0.26672259, 0.030781402, -0.12671103, -0.14172875, -0.055325357, -0.045377145, 0.016980499, -0.039884409, -0.043557736, -0.085905541, 0.26672259, 0.039528882))
			, nrow = 11, ncol = 11
			, dimnames = list(
				as.character(c("CMultStdev", "tvVmax", "tvKm", "tvV", "tvKa", "K12", "K21", "stdev0", "nVmax-nVmax", "nV-nVmax", "nV-nV"))
				, as.character(c("CMultStdev", "tvVmax", "tvKm", "tvV", "tvKa", "K12", "K21", "stdev0", "nVmax-nVmax", "nV-nVmax", "nV-nV"))
				)
			)
		, "Inverse" = matrix(
			as.numeric(c(1403.1732, -0.04485964, 0.012257685, -60.184856, -138.91654, -100.87429, 330.13371, -2.3139218, 145.22776, -330.06832, 292.20153, -0.04485964, 8.3552075e-005, -2.5677046e-005, -0.01102489, 0.020461109, -0.017611551, 0.04495691, -0.00068591443, -0.052861282, -0.026856676, 0.027739898, 0.012257685, -2.5677046e-005, 8.575607e-006, 0.0038000169, 0.0036195093, 0.006605167, -0.019949392, 0.00034830536, 0.0054734632, -0.0077080107, -0.00063667455, -60.184856, -0.01102489, 0.0038000169, 12.093818, -25.062822, 17.776032, -44.286757, 0.18755515, -11.398872, 27.689023, -42.649384, -138.91654, 0.020461109, 0.0036195093, -25.062822, 1135.6299, 37.635883, -421.35109, 0.12964743, -145.50075, -55.771626, -7.3086187, -100.87429, -0.017611551, 0.006605167, 17.776032, 37.635883,  31.84155, -101.59292, 0.20635652, -25.606729, 44.228334, -73.986748, 330.13371, 0.04495691, -0.019949392, -44.286757, -421.35109, -101.59292, 408.88301, -0.15883648, 118.32198, -118.93832, 219.04781, -2.3139218, -0.00068591443, 0.00034830536, 0.18755515, 0.12964743, 0.20635652, -0.15883648, 0.5824044, -0.38054988, -2.0326839,  3.898382, 145.22776, -0.052861282, 0.0054734632, -11.398872, -145.50075, -25.606729, 118.32198, -0.38054988, 512.36485, -234.81515, 118.90723, -330.06832, -0.026856676, -0.0077080107, 27.689023, -55.771626, 44.228334, -118.93832, -2.0326839, -234.81515, 1873.1256, -886.33904, 292.20153, 0.027739898, -0.00063667455, -42.649384, -7.3086187, -73.986748, 219.04781,  3.898382, 118.90723, -886.33904, 1196.5617))
			, nrow = 11, ncol = 11
			, dimnames = list(
				as.character(c("CMultStdev", "tvVmax", "tvKm", "tvV", "tvKa", "K12", "K21", "stdev0", "nVmax-nVmax", "nV-nVmax", "nV-nV"))
				, as.character(c("CMultStdev", "tvVmax", "tvKm", "tvV", "tvKa", "K12", "K21", "stdev0", "nVmax-nVmax", "nV-nVmax", "nV-nV"))
				)
			)
		, "LLTable" = data.frame(
			id = as.character(c( "1", "2", "3", "4", "5", "6", "7", "8", "9", "10", "11", "12", "13", "14", "15", "16", "17", "18", "19", "20", "21", "22", "23", "24", "25", "26", "27", "28", "29", "30", "31", "32", "33", "34", "35", "36", "37", "38", "39", "40", "41", "42", "43", "44", "45", "46", "47", "48", "49", "50", "51", "52", "53", "54", "55", "56", "57", "58", "59", "60"))
			, "LL" = c(-69.760626, -63.952992, -61.658567, -66.91786, -63.021372, -59.509276, -59.831286,  -61.3577, -60.673892, -64.103577, -63.486106, -60.372155, -61.094369, -59.174724, -62.930101, -61.296071, -62.032741, -63.04751, -60.961128, -65.555959, -58.227242, -66.100308, -61.03783, -67.531121, -60.498726, -56.739184, -65.068494, -67.874187, -58.581225, -58.336273, -74.032121, -58.803262, -59.856675, -61.573999, -60.520413, -56.924458, -62.672211, -55.950636, -57.972872, -62.356829, -67.991779, -58.005313, -59.720867, -68.922516, -60.292681, -60.819844, -70.605156, -58.703972, -63.961248, -59.411096, -60.977492, -65.398317, -62.469668, -57.352198, -59.300014, -60.266342, -64.438533, -65.174709, -62.684086, -65.261464)
			) # end of LLTable
		, "residuals" = data.frame(
			  ID1 = as.character(c(  "",   "",   "",   "",   "",   "",   "",   "",   "",   "",   "",   "",   "",   "",   "",   "",   "",   "",   "",   "",   "",   "",   "",   "",   "",   "",   "",   "",   "",   "",   "",   "",   "",   "",   "",   "",   "",   "",   "",   "",   "",   "",   "",   "",   "",   "",   "",   "",   "",   "",   "",   "",   "",   "",   "",   "",   "",   "",   "",   "",   "",   "",   "",   "",   "",   "",   "",   "",   "",   "",   "",   "",   "",   "",   "",   "",   "",   "",   "",   "",   "",   "",   "",   "",   "",   "",   "",   "",   "",   "",   "",   "",   "",   "",   "",   "",   "",   "",   "",   "",   "",   "",   "",   "",   "",   "",   "",   "",   "",   "",   "",   "",   "",   "",   "",   "",   "",   "",   "",   "",   "",   "",   "",   "",   "",   "",   "",   "",   "",   "",   "",   "",   "",   "",   "",   "",   "",   "",   "",   "",   "",   "",   "",   "",   "",   "",   "",   "",   "",   "",   "",   "",   "",   "",   "",   "",   "",   "",   "",   "",   "",   "",   "",   "",   "",   "",   "",   "",   "",   "",   "",   "",   "",   "",   "",   "",   "",   "",   "",   "",   "",   "",   "",   "",   "",   "",   "",   "",   "",   "",   "",   "",   "",   "",   "",   "",   "",   "",   "",   "",   "",   "",   "",   "",   "",   "",   "",   "",   "",   "",   "",   "",   "",   "",   "",   "",   "",   "",   "",   "",   "",   "",   "",   "",   "",   "",   "",   "",   "",   "",   "",   "",   "",   "",   "",   "",   "",   "",   "",   "",   "",   "",   "",   "",   "",   "",   "",   "",   "",   "",   "",   "",   "",   "",   "",   "",   "",   "",   "",   "",   "",   "",   "",   "",   "",   "",   "",   "",   "",   "",   "",   "",   "",   "",   "",   "",   "",   "",   "",   "",   "",   "",   "",   "",   "",   "",   "",   "",   "",   "",   "",   "",   "",   "",   "",   "",   "",   "",   "",   "",   "",   "",   "",   "",   "",   "",   "",   "",   "",   "",   "",   "",   "",   "",   "",   "",   "",   "",   "",   "",   "",   "",   "",   "",   "",   "",   "",   "",   "",   "",   "",   "",   "",   "",   "",   "",   "",   "",   "",   "",   "",   "",   "",   "",   "",   "",   "",   "",   "",   "",   "",   "",   "",   "",   "",   "",   "",   "",   "",   "",   "",   "",   "",   "",   "",   "",   "",   "",   "",   "",   "",   "",   "",   "",   "",   "",   "",   "",   "",   "",   "",   "",   "",   "",   "",   "",   "",   "",   "",   "",   "",   "",   "",   "",   "",   "",   "",   "",   "",   "",   "",   "",   "",   "",   "",   "",   "",   "",   "",   "",   "",   "",   "",   "",   "",   "",   "",   "",   "",   ""))
			, ID2 = as.character(c(  "",   "",   "",   "",   "",   "",   "",   "",   "",   "",   "",   "",   "",   "",   "",   "",   "",   "",   "",   "",   "",   "",   "",   "",   "",   "",   "",   "",   "",   "",   "",   "",   "",   "",   "",   "",   "",   "",   "",   "",   "",   "",   "",   "",   "",   "",   "",   "",   "",   "",   "",   "",   "",   "",   "",   "",   "",   "",   "",   "",   "",   "",   "",   "",   "",   "",   "",   "",   "",   "",   "",   "",   "",   "",   "",   "",   "",   "",   "",   "",   "",   "",   "",   "",   "",   "",   "",   "",   "",   "",   "",   "",   "",   "",   "",   "",   "",   "",   "",   "",   "",   "",   "",   "",   "",   "",   "",   "",   "",   "",   "",   "",   "",   "",   "",   "",   "",   "",   "",   "",   "",   "",   "",   "",   "",   "",   "",   "",   "",   "",   "",   "",   "",   "",   "",   "",   "",   "",   "",   "",   "",   "",   "",   "",   "",   "",   "",   "",   "",   "",   "",   "",   "",   "",   "",   "",   "",   "",   "",   "",   "",   "",   "",   "",   "",   "",   "",   "",   "",   "",   "",   "",   "",   "",   "",   "",   "",   "",   "",   "",   "",   "",   "",   "",   "",   "",   "",   "",   "",   "",   "",   "",   "",   "",   "",   "",   "",   "",   "",   "",   "",   "",   "",   "",   "",   "",   "",   "",   "",   "",   "",   "",   "",   "",   "",   "",   "",   "",   "",   "",   "",   "",   "",   "",   "",   "",   "",   "",   "",   "",   "",   "",   "",   "",   "",   "",   "",   "",   "",   "",   "",   "",   "",   "",   "",   "",   "",   "",   "",   "",   "",   "",   "",   "",   "",   "",   "",   "",   "",   "",   "",   "",   "",   "",   "",   "",   "",   "",   "",   "",   "",   "",   "",   "",   "",   "",   "",   "",   "",   "",   "",   "",   "",   "",   "",   "",   "",   "",   "",   "",   "",   "",   "",   "",   "",   "",   "",   "",   "",   "",   "",   "",   "",   "",   "",   "",   "",   "",   "",   "",   "",   "",   "",   "",   "",   "",   "",   "",   "",   "",   "",   "",   "",   "",   "",   "",   "",   "",   "",   "",   "",   "",   "",   "",   "",   "",   "",   "",   "",   "",   "",   "",   "",   "",   "",   "",   "",   "",   "",   "",   "",   "",   "",   "",   "",   "",   "",   "",   "",   "",   "",   "",   "",   "",   "",   "",   "",   "",   "",   "",   "",   "",   "",   "",   "",   "",   "",   "",   "",   "",   "",   "",   "",   "",   "",   "",   "",   "",   "",   "",   "",   "",   "",   "",   "",   "",   "",   "",   "",   "",   "",   "",   "",   "",   "",   "",   "",   "",   "",   "",   "",   "",   "",   "",   "",   "",   "",   "",   "",   ""))
			, ID3 = as.character(c(  "",   "",   "",   "",   "",   "",   "",   "",   "",   "",   "",   "",   "",   "",   "",   "",   "",   "",   "",   "",   "",   "",   "",   "",   "",   "",   "",   "",   "",   "",   "",   "",   "",   "",   "",   "",   "",   "",   "",   "",   "",   "",   "",   "",   "",   "",   "",   "",   "",   "",   "",   "",   "",   "",   "",   "",   "",   "",   "",   "",   "",   "",   "",   "",   "",   "",   "",   "",   "",   "",   "",   "",   "",   "",   "",   "",   "",   "",   "",   "",   "",   "",   "",   "",   "",   "",   "",   "",   "",   "",   "",   "",   "",   "",   "",   "",   "",   "",   "",   "",   "",   "",   "",   "",   "",   "",   "",   "",   "",   "",   "",   "",   "",   "",   "",   "",   "",   "",   "",   "",   "",   "",   "",   "",   "",   "",   "",   "",   "",   "",   "",   "",   "",   "",   "",   "",   "",   "",   "",   "",   "",   "",   "",   "",   "",   "",   "",   "",   "",   "",   "",   "",   "",   "",   "",   "",   "",   "",   "",   "",   "",   "",   "",   "",   "",   "",   "",   "",   "",   "",   "",   "",   "",   "",   "",   "",   "",   "",   "",   "",   "",   "",   "",   "",   "",   "",   "",   "",   "",   "",   "",   "",   "",   "",   "",   "",   "",   "",   "",   "",   "",   "",   "",   "",   "",   "",   "",   "",   "",   "",   "",   "",   "",   "",   "",   "",   "",   "",   "",   "",   "",   "",   "",   "",   "",   "",   "",   "",   "",   "",   "",   "",   "",   "",   "",   "",   "",   "",   "",   "",   "",   "",   "",   "",   "",   "",   "",   "",   "",   "",   "",   "",   "",   "",   "",   "",   "",   "",   "",   "",   "",   "",   "",   "",   "",   "",   "",   "",   "",   "",   "",   "",   "",   "",   "",   "",   "",   "",   "",   "",   "",   "",   "",   "",   "",   "",   "",   "",   "",   "",   "",   "",   "",   "",   "",   "",   "",   "",   "",   "",   "",   "",   "",   "",   "",   "",   "",   "",   "",   "",   "",   "",   "",   "",   "",   "",   "",   "",   "",   "",   "",   "",   "",   "",   "",   "",   "",   "",   "",   "",   "",   "",   "",   "",   "",   "",   "",   "",   "",   "",   "",   "",   "",   "",   "",   "",   "",   "",   "",   "",   "",   "",   "",   "",   "",   "",   "",   "",   "",   "",   "",   "",   "",   "",   "",   "",   "",   "",   "",   "",   "",   "",   "",   "",   "",   "",   "",   "",   "",   "",   "",   "",   "",   "",   "",   "",   "",   "",   "",   "",   "",   "",   "",   "",   "",   "",   "",   "",   "",   "",   "",   "",   "",   "",   "",   "",   "",   "",   "",   "",   "",   "",   "",   "",   "",   "",   "",   "",   "",   ""))
			, ID4 = as.character(c(  "",   "",   "",   "",   "",   "",   "",   "",   "",   "",   "",   "",   "",   "",   "",   "",   "",   "",   "",   "",   "",   "",   "",   "",   "",   "",   "",   "",   "",   "",   "",   "",   "",   "",   "",   "",   "",   "",   "",   "",   "",   "",   "",   "",   "",   "",   "",   "",   "",   "",   "",   "",   "",   "",   "",   "",   "",   "",   "",   "",   "",   "",   "",   "",   "",   "",   "",   "",   "",   "",   "",   "",   "",   "",   "",   "",   "",   "",   "",   "",   "",   "",   "",   "",   "",   "",   "",   "",   "",   "",   "",   "",   "",   "",   "",   "",   "",   "",   "",   "",   "",   "",   "",   "",   "",   "",   "",   "",   "",   "",   "",   "",   "",   "",   "",   "",   "",   "",   "",   "",   "",   "",   "",   "",   "",   "",   "",   "",   "",   "",   "",   "",   "",   "",   "",   "",   "",   "",   "",   "",   "",   "",   "",   "",   "",   "",   "",   "",   "",   "",   "",   "",   "",   "",   "",   "",   "",   "",   "",   "",   "",   "",   "",   "",   "",   "",   "",   "",   "",   "",   "",   "",   "",   "",   "",   "",   "",   "",   "",   "",   "",   "",   "",   "",   "",   "",   "",   "",   "",   "",   "",   "",   "",   "",   "",   "",   "",   "",   "",   "",   "",   "",   "",   "",   "",   "",   "",   "",   "",   "",   "",   "",   "",   "",   "",   "",   "",   "",   "",   "",   "",   "",   "",   "",   "",   "",   "",   "",   "",   "",   "",   "",   "",   "",   "",   "",   "",   "",   "",   "",   "",   "",   "",   "",   "",   "",   "",   "",   "",   "",   "",   "",   "",   "",   "",   "",   "",   "",   "",   "",   "",   "",   "",   "",   "",   "",   "",   "",   "",   "",   "",   "",   "",   "",   "",   "",   "",   "",   "",   "",   "",   "",   "",   "",   "",   "",   "",   "",   "",   "",   "",   "",   "",   "",   "",   "",   "",   "",   "",   "",   "",   "",   "",   "",   "",   "",   "",   "",   "",   "",   "",   "",   "",   "",   "",   "",   "",   "",   "",   "",   "",   "",   "",   "",   "",   "",   "",   "",   "",   "",   "",   "",   "",   "",   "",   "",   "",   "",   "",   "",   "",   "",   "",   "",   "",   "",   "",   "",   "",   "",   "",   "",   "",   "",   "",   "",   "",   "",   "",   "",   "",   "",   "",   "",   "",   "",   "",   "",   "",   "",   "",   "",   "",   "",   "",   "",   "",   "",   "",   "",   "",   "",   "",   "",   "",   "",   "",   "",   "",   "",   "",   "",   "",   "",   "",   "",   "",   "",   "",   "",   "",   "",   "",   "",   "",   "",   "",   "",   "",   "",   "",   "",   "",   "",   "",   "",   "",   "",   "",   ""))
			, ID5 = as.character(c( "1",  "1",  "1",  "1",  "1",  "1",  "1",  "2",  "2",  "2",  "2",  "2",  "2",  "2",  "3",  "3",  "3",  "3",  "3",  "3",  "3",  "4",  "4",  "4",  "4",  "4",  "4",  "4",  "5",  "5",  "5",  "5",  "5",  "5",  "5",  "6",  "6",  "6",  "6",  "6",  "6",  "6",  "7",  "7",  "7",  "7",  "7",  "7",  "7",  "8",  "8",  "8",  "8",  "8",  "8",  "8",  "9",  "9",  "9",  "9",  "9",  "9",  "9", "10", "10", "10", "10", "10", "10", "10", "11", "11", "11", "11", "11", "11", "11", "12", "12", "12", "12", "12", "12", "12", "13", "13", "13", "13", "13", "13", "13", "14", "14", "14", "14", "14", "14", "14", "15", "15", "15", "15", "15", "15", "15", "16", "16", "16", "16", "16", "16", "16", "17", "17", "17", "17", "17", "17", "17", "18", "18", "18", "18", "18", "18", "18", "19", "19", "19", "19", "19", "19", "19", "20", "20", "20", "20", "20", "20", "20", "21", "21", "21", "21", "21", "21", "21", "22", "22", "22", "22", "22", "22", "22", "23", "23", "23", "23", "23", "23", "23", "24", "24", "24", "24", "24", "24", "24", "25", "25", "25", "25", "25", "25", "25", "26", "26", "26", "26", "26", "26", "26", "27", "27", "27", "27", "27", "27", "27", "28", "28", "28", "28", "28", "28", "28", "29", "29", "29", "29", "29", "29", "29", "30", "30", "30", "30", "30", "30", "30", "31", "31", "31", "31", "31", "31", "31", "32", "32", "32", "32", "32", "32", "32", "33", "33", "33", "33", "33", "33", "33", "34", "34", "34", "34", "34", "34", "34", "35", "35", "35", "35", "35", "35", "35", "36", "36", "36", "36", "36", "36", "36", "37", "37", "37", "37", "37", "37", "37", "38", "38", "38", "38", "38", "38", "38", "39", "39", "39", "39", "39", "39", "39", "40", "40", "40", "40", "40", "40", "40", "41", "41", "41", "41", "41", "41", "41", "42", "42", "42", "42", "42", "42", "42", "43", "43", "43", "43", "43", "43", "43", "44", "44", "44", "44", "44", "44", "44", "45", "45", "45", "45", "45", "45", "45", "46", "46", "46", "46", "46", "46", "46", "47", "47", "47", "47", "47", "47", "47", "48", "48", "48", "48", "48", "48", "48", "49", "49", "49", "49", "49", "49", "49", "50", "50", "50", "50", "50", "50", "50", "51", "51", "51", "51", "51", "51", "51", "52", "52", "52", "52", "52", "52", "52", "53", "53", "53", "53", "53", "53", "53", "54", "54", "54", "54", "54", "54", "54", "55", "55", "55", "55", "55", "55", "55", "56", "56", "56", "56", "56", "56", "56", "57", "57", "57", "57", "57", "57", "57", "58", "58", "58", "58", "58", "58", "58", "59", "59", "59", "59", "59", "59", "59", "60", "60", "60", "60", "60", "60", "60"))
			, IVAR = c(0.64, 1.99, 6.43, 12.03, 22.28, 48.91, 80.15, 0.58, 2.03, 7.46, 12.58, 22.36, 51.02, 87.44, 0.44, 2.06, 5.74, 12, 24.18, 45.25, 90.69, 0.49, 2.25, 5.15, 12.73, 24.81, 53.38, 93.12, 0.52, 2.05, 5.68, 13.54, 26.95, 51.48, 112.51, 0.53, 1.76, 5.67, 10.62, 22.89, 45.11, 96.41, 0.46, 2.03, 5.62, 14.32, 25.78, 52.57, 99.76, 0.59, 1.88, 5.73, 13.85, 22.49, 47.01, 92.3, 0.48, 1.94, 6.3, 11.79, 22.82, 54.9, 93.96, 0.49, 1.98, 6.44, 11.91, 23.91, 44.84, 92.94, 0.5, 1.89, 6.33, 10.31, 24.75, 41.16, 93.15, 0.47, 1.87, 5.97, 9.91, 27, 40.64, 91.65, 0.45, 1.86, 7.39, 12.02, 21.1, 40.74, 100.42, 0.5, 1.94, 5.47, 10.34, 21.55, 53.05, 90.22, 0.44, 2.41, 6.26, 11.72, 26.68, 52.45, 90.24, 0.62, 1.95, 5.2, 11.83, 24.5, 60.46, 97.02, 0.52, 1.98, 5.8, 11.96, 25.97, 59.07, 106.39, 0.56, 1.77, 6.62, 12.27, 20.72, 50.57, 94.49, 0.58, 1.85, 5.75, 10.94, 23.58, 49.97, 89.23, 0.54, 1.77, 5.4, 13.86, 21.68, 50.02, 92.41, 0.52, 2.37, 7.03, 11.61, 19.1, 61.62, 102.62, 0.53, 2, 6.31, 11.8, 25.03, 46.12, 83.71, 0.55, 2.33, 5.82, 10.59, 25.59, 47.79, 80.72, 0.5, 1.88, 5.8, 10.69, 28.74, 46.44, 81.76, 0.51, 2.05, 5.44, 8.99, 22.51, 50.82, 95.43, 0.5, 2.12, 5.33, 13.39, 23.99, 51.52, 106.46, 0.51, 1.83, 6.74, 9.82, 22.73, 46.79, 94.42, 0.55, 2.03, 6.25, 11.92, 23.41, 51.46, 107.66, 0.39, 2.12, 6.23, 11.5, 26.39, 46.17, 93.31, 0.54, 2.38, 6.16, 11.5, 21.31, 46.44, 87.39, 0.49, 2.08, 5.51, 15.64, 24.38, 53.74, 76.36, 0.54, 1.75, 6.58, 12.49, 23.04, 54.8, 89.5, 0.47, 1.81, 5.61, 13.19, 25.06, 53.08, 92.33, 0.52, 2.05, 5.2, 14.34, 24.32, 51.82, 105.62, 0.5, 1.94, 6.56, 10.81, 29.23, 46.19, 113.27, 0.58, 2.02, 6.35, 10.83, 24.79, 53.28, 96.96, 0.48, 1.87, 5.98, 13.35, 22.87, 47.42, 84.35, 0.53, 2.28, 6.97, 13.02, 19.91, 50.37, 100.48, 0.48, 2.03, 5.5, 12.84, 23.23, 41.03, 92.54, 0.57, 1.93, 6.46, 13.19, 24.01, 46.34, 91.05, 0.54, 1.8, 6.15, 11.66, 19.14, 41.69, 105.21, 0.49, 2.17, 7.25, 13.91, 25.68, 49.86, 94.17, 0.59, 2.12, 5.34, 11.81, 19.81, 47.07, 74.08, 0.57, 1.88, 5.75, 11.8, 25.52, 51.37, 101.61, 0.47, 1.75, 5.77, 12.34, 22.1, 47.67, 85.42, 0.5, 2.03, 5.91, 11.8, 28.63, 51.8, 107.29, 0.46, 2.03, 6.73, 11.93, 19.4, 49.68, 79.35, 0.46, 2.28, 6.38, 13.38, 24.75, 47.47, 87.52, 0.59, 2.01, 5.59, 13.08, 26.72, 58.02, 90.38, 0.48, 1.92, 5.78, 11.57, 23.3, 55.44, 89.53, 0.48, 2.13, 6.71, 11.11, 22.81, 50.58, 106.28, 0.49, 1.73, 7.12, 13.85, 22.35, 47.69, 80.51, 0.53, 2.35, 5.09, 11.1, 22.51, 44.84, 78.34, 0.53, 1.72, 5.99, 12.73, 23.53, 52.48, 95.75, 0.47, 2.13, 5.75, 14.33, 23.96, 52.27, 97.99, 0.37, 1.74, 5.75, 12.29, 18.99, 52.85, 90.37, 0.46, 1.71, 5.19, 12.07, 25.25, 38.92, 86.83, 0.53, 1.91, 7.45, 13.59, 25.47, 48.02, 98.72, 0.47, 2.13, 6.96, 13.37, 22.13, 40.83, 94.95, 0.52, 2.29, 5.26, 12.45, 24.57, 54.09, 95.73)
			, TAD = c(0.64, 1.99, 6.43, 12.03, 22.28, 48.91, 80.15, 0.58, 2.03, 7.46, 12.58, 22.36, 51.02, 87.44, 0.44, 2.06, 5.74, 12, 24.18, 45.25, 90.69, 0.49, 2.25, 5.15, 12.73, 24.81, 53.38, 93.12, 0.52, 2.05, 5.68, 13.54, 26.95, 51.48, 112.51, 0.53, 1.76, 5.67, 10.62, 22.89, 45.11, 96.41, 0.46, 2.03, 5.62, 14.32, 25.78, 52.57, 99.76, 0.59, 1.88, 5.73, 13.85, 22.49, 47.01, 92.3, 0.48, 1.94, 6.3, 11.79, 22.82, 54.9, 93.96, 0.49, 1.98, 6.44, 11.91, 23.91, 44.84, 92.94, 0.5, 1.89, 6.33, 10.31, 24.75, 41.16, 93.15, 0.47, 1.87, 5.97, 9.91, 27, 40.64, 91.65, 0.45, 1.86, 7.39, 12.02, 21.1, 40.74, 100.42, 0.5, 1.94, 5.47, 10.34, 21.55, 53.05, 90.22, 0.44, 2.41, 6.26, 11.72, 26.68, 52.45, 90.24, 0.62, 1.95, 5.2, 11.83, 24.5, 60.46, 97.02, 0.52, 1.98, 5.8, 11.96, 25.97, 59.07, 106.39, 0.56, 1.77, 6.62, 12.27, 20.72, 50.57, 94.49, 0.58, 1.85, 5.75, 10.94, 23.58, 49.97, 89.23, 0.54, 1.77, 5.4, 13.86, 21.68, 50.02, 92.41, 0.52, 2.37, 7.03, 11.61, 19.1, 61.62, 102.62, 0.53, 2, 6.31, 11.8, 25.03, 46.12, 83.71, 0.55, 2.33, 5.82, 10.59, 25.59, 47.79, 80.72, 0.5, 1.88, 5.8, 10.69, 28.74, 46.44, 81.76, 0.51, 2.05, 5.44, 8.99, 22.51, 50.82, 95.43, 0.5, 2.12, 5.33, 13.39, 23.99, 51.52, 106.46, 0.51, 1.83, 6.74, 9.82, 22.73, 46.79, 94.42, 0.55, 2.03, 6.25, 11.92, 23.41, 51.46, 107.66, 0.39, 2.12, 6.23, 11.5, 26.39, 46.17, 93.31, 0.54, 2.38, 6.16, 11.5, 21.31, 46.44, 87.39, 0.49, 2.08, 5.51, 15.64, 24.38, 53.74, 76.36, 0.54, 1.75, 6.58, 12.49, 23.04, 54.8, 89.5, 0.47, 1.81, 5.61, 13.19, 25.06, 53.08, 92.33, 0.52, 2.05, 5.2, 14.34, 24.32, 51.82, 105.62, 0.5, 1.94, 6.56, 10.81, 29.23, 46.19, 113.27, 0.58, 2.02, 6.35, 10.83, 24.79, 53.28, 96.96, 0.48, 1.87, 5.98, 13.35, 22.87, 47.42, 84.35, 0.53, 2.28, 6.97, 13.02, 19.91, 50.37, 100.48, 0.48, 2.03, 5.5, 12.84, 23.23, 41.03, 92.54, 0.57, 1.93, 6.46, 13.19, 24.01, 46.34, 91.05, 0.54, 1.8, 6.15, 11.66, 19.14, 41.69, 105.21, 0.49, 2.17, 7.25, 13.91, 25.68, 49.86, 94.17, 0.59, 2.12, 5.34, 11.81, 19.81, 47.07, 74.08, 0.57, 1.88, 5.75, 11.8, 25.52, 51.37, 101.61, 0.47, 1.75, 5.77, 12.34, 22.1, 47.67, 85.42, 0.5, 2.03, 5.91, 11.8, 28.63, 51.8, 107.29, 0.46, 2.03, 6.73, 11.93, 19.4, 49.68, 79.35, 0.46, 2.28, 6.38, 13.38, 24.75, 47.47, 87.52, 0.59, 2.01, 5.59, 13.08, 26.72, 58.02, 90.38, 0.48, 1.92, 5.78, 11.57, 23.3, 55.44, 89.53, 0.48, 2.13, 6.71, 11.11, 22.81, 50.58, 106.28, 0.49, 1.73, 7.12, 13.85, 22.35, 47.69, 80.51, 0.53, 2.35, 5.09, 11.1, 22.51, 44.84, 78.34, 0.53, 1.72, 5.99, 12.73, 23.53, 52.48, 95.75, 0.47, 2.13, 5.75, 14.33, 23.96, 52.27, 97.99, 0.37, 1.74, 5.75, 12.29, 18.99, 52.85, 90.37, 0.46, 1.71, 5.19, 12.07, 25.25, 38.92, 86.83, 0.53, 1.91, 7.45, 13.59, 25.47, 48.02, 98.72, 0.47, 2.13, 6.96, 13.37, 22.13, 40.83, 94.95, 0.52, 2.29, 5.26, 12.45, 24.57, 54.09, 95.73)
			, PRED = c(  2834.72,   3839.32,   4290.65,   4073.06,   3588.32,   2459.79,   1430.47,   2724.96,   3853.74,   4266.35,   4046.96,   3584.62,   2379.75,   1239.78,   2400.53,    3864.3,   4296.11,   4074.48,   3500.99,   2602.06,   1160.81,   2529.25,   3926.36,   4290.25,   4039.82,   3472.25,   2291.97,   1104.19,   2599.19,    3860.8,   4296.02,   4001.15,   3375.43,   2362.49,   723.503,    2621.4,   3748.04,   4295.99,   4138.89,   3560.18,   2607.58,   1030.78,   2453.97,   3853.74,   4295.82,   3963.83,   3428.21,   2321.89,   959.829,   2744.28,   3797.53,    4296.1,   3986.32,   3578.62,    2533.1,   1123.07,   2504.78,   3820.72,    4292.5,    4084.4,    3563.4,   2236.41,   1085.09,   2529.25,   3835.65,    4290.5,   4078.74,   3513.34,   2618.26,   1108.31,   2553.13,   3801.46,    4292.1,      4153,   3474.98,   2766.09,    1103.5,   2479.69,   3793.57,   4295.55,   4170.93,   3373.19,   2787.32,    1138.2,   2427.59,   3789.57,   4268.45,   4073.54,   3643.04,   2783.23,   946.297,   2553.13,   3820.72,   4294.86,   4151.65,   3622.13,   2304.13,      1172,   2400.53,   3972.77,   4292.99,    4087.7,   3387.58,   2326.34,   1171.53,   2799.73,    3824.5,   4291.22,   4082.51,   3486.37,   2039.85,   1017.58,   2599.19,   3835.65,    4296.1,   4076.37,   3419.61,      2088,   830.429,   2684.97,   3752.33,   4287.39,   4061.69,   3660.74,    2396.7,   1073.17,   2724.96,   3785.56,   4296.11,   4124.15,   3528.46,    2419.4,   1195.83,   2643.09,   3752.33,   4294.16,   3985.84,    3616.1,    2417.5,   1120.52,   2599.19,   3961.64,   4278.32,   4092.88,   3736.62,   2000.18,   902.237,    2621.4,   3842.96,   4292.37,   4083.93,   3462.23,   2567.85,   1334.99,   2664.27,    3950.2,   4296.07,   4140.26,   3436.81,   2502.86,   1414.88,   2553.13,   3797.53,    4296.1,   4135.68,   3295.44,   2555.33,   1386.73,   2576.44,    3860.8,   4294.58,   4210.42,    3577.7,   2387.27,   1052.26,   2553.13,   3884.77,   4293.29,   4008.32,   3509.68,      2361,    829.14,   2576.44,   3777.43,   4285.01,   4174.91,   3567.55,   2541.67,   1074.74,   2664.27,   3853.74,   4293.11,   4078.27,   3536.26,   2363.24,   807.272,   2254.25,   3884.77,   4293.34,   4098.04,   3400.64,   2565.89,   1099.85,   2643.09,   3964.45,   4294.09,   4098.04,   3633.28,   2555.33,   1241.02,   2529.25,   3871.22,   4295.18,    3900.7,   3491.85,   2278.74,   1537.09,   2643.09,   3743.72,   4288.13,   4051.24,   3553.27,   2240.04,    1189.3,   2479.69,   3769.18,   4295.78,   4017.88,   3460.87,   2303.02,   1122.37,   2599.19,    3860.8,   4291.22,   3962.87,   3494.59,   2349.79,   844.721,   2553.13,   3820.72,   4288.49,   4130.15,   3273.69,   2565.11,   711.033,   2724.96,   3850.17,   4291.83,   4129.23,   3473.16,   2295.65,   1018.87,   2504.78,   3793.57,   4295.49,   4010.23,    3561.1,   2517.18,    1318.3,    2621.4,   3935.45,    4279.8,   4025.99,    3698.6,   2404.25,   945.074,   2504.78,   3853.74,   4295.11,   4034.58,   3544.53,   2771.39,   1117.52,   2705.19,   3816.93,   4290.18,   4017.88,   3508.76,   2559.24,    1152.3,   2643.09,   3765.02,   4294.19,   4090.52,   3734.73,   2744.53,   852.409,   2529.25,    3901.2,   4272.47,   3983.45,   3432.73,   2423.57,   1080.36,   2744.28,   3884.77,   4293.42,   4083.46,   3703.28,   2530.77,   1603.69,   2705.19,   3797.53,   4296.11,   4083.93,   3439.99,   2366.61,   922.265,   2479.69,   3743.72,   4296.12,   4058.37,   3596.64,    2507.5,   1290.73,   2553.13,   3853.74,   4295.83,   4083.93,   3300.33,   2350.53,   813.966,   2453.97,   3853.74,   4285.21,   4077.79,   3722.52,   2430.41,   1452.55,   2453.97,   3935.45,    4291.4,    4008.8,   3474.98,   2515.25,   1237.79,   2744.28,   3846.58,   4295.69,   4023.13,   3385.78,   2124.82,   1168.19,   2504.78,    3813.1,   4296.11,   4094.75,   3541.31,   2216.86,   1188.57,   2504.78,    3888.1,   4285.63,   4116.26,   3563.86,   2396.32,   832.459,   2529.25,   3734.97,      4276,   3986.32,   3585.08,   2506.73,   1420.61,    2621.4,   3955.96,   4288.96,   4116.73,    3577.7,   2618.26,   1480.75,    2621.4,   3730.55,   4295.43,   4039.82,   3530.75,   2325.23,   1045.21,   2479.69,    3888.1,   4296.11,   3963.35,   3511.05,   2333.02,   996.843,   2190.12,   3739.36,   4296.11,   4060.74,   3741.79,   2311.52,   1168.42,   2453.97,    3726.1,   4291.03,   4071.17,   3452.24,   2858.13,   1255.01,    2621.4,   3809.25,   4266.65,   3998.76,   3442.25,   2493.99,   981.449,   2479.69,    3888.1,   4280.05,   4009.28,   3595.25,   2779.55,    1062.9,   2599.19,   3938.44,   4292.25,   4053.14,   3483.18,   2265.92,   1045.65)
