TABLE NO.     1: First Order Conditional Estimation with Interaction: Problem=1 Subproblem=0 Superproblem1=0 Iteration1=0 Superproblem2=0 Iteration2=0
 NAME         THETA1       THETA2       THETA3       THETA4       THETA5       THETA6       SIGMA(1,1)   SIGMA(2,1)   SIGMA(2,2)   OMEGA(1,1)   OMEGA(2,1)   OMEGA(2,2)
 THETA1        3.68928E+02  9.55218E-01 -4.23661E-01  5.33176E-02  9.63770E-02  3.29117E-01 -1.87400E-01  0.00000E+00  1.33660E-01  3.26100E-01  0.00000E+00 -2.02848E-01
 THETA2        9.55218E-01  1.08937E+03 -3.63894E-01  1.23296E-01  1.66733E-01  3.77845E-01 -1.09566E-01  0.00000E+00  1.01921E-01  4.82905E-01  0.00000E+00 -1.99997E-01
 THETA3       -4.23661E-01 -3.63894E-01  2.07677E-36  9.54563E-02  4.33310E-02 -9.33014E-02  1.10805E-01  0.00000E+00 -9.48899E-01 -2.39462E-02  0.00000E+00  5.94246E-02
 THETA4        5.33176E-02  1.23296E-01  9.54563E-02  1.60095E-02  9.62151E-01  8.99157E-01  1.40794E-01  0.00000E+00 -1.77536E-01  1.17185E-01  0.00000E+00 -9.85216E-02
 THETA5        9.63770E-02  1.66733E-01  4.33310E-02  9.62151E-01  4.59616E-01  9.30656E-01  1.54437E-01  0.00000E+00 -1.33270E-01  1.48186E-01  0.00000E+00 -2.00483E-01
 THETA6        3.29117E-01  3.77845E-01 -9.33014E-02  8.99157E-01  9.30656E-01  2.40457E-02  9.80689E-03  0.00000E+00 -6.28608E-02  2.06000E-01  0.00000E+00 -1.87918E-01
 SIGMA(1,1)   -1.87400E-01 -1.09566E-01  1.10805E-01  1.40794E-01  1.54437E-01  9.80689E-03  9.58541E+03  0.00000E+00 -7.08352E-03 -3.35158E-01  0.00000E+00 -4.47939E-02
 SIGMA(2,1)    0.00000E+00  0.00000E+00  0.00000E+00  0.00000E+00  0.00000E+00  0.00000E+00  0.00000E+00  0.00000E+00  0.00000E+00  0.00000E+00  0.00000E+00  0.00000E+00
 SIGMA(2,2)    1.33660E-01  1.01921E-01 -9.48899E-01 -1.77536E-01 -1.33270E-01 -6.28608E-02 -7.08352E-03  0.00000E+00  2.16541E-02 -6.11480E-02  0.00000E+00  7.82434E-03
 OMEGA(1,1)    3.26100E-01  4.82905E-01 -2.39462E-02  1.17185E-01  1.48186E-01  2.06000E-01 -3.35158E-01  0.00000E+00 -6.11480E-02  5.47655E-02  0.00000E+00 -2.23619E-01
 OMEGA(2,1)    0.00000E+00  0.00000E+00  0.00000E+00  0.00000E+00  0.00000E+00  0.00000E+00  0.00000E+00  0.00000E+00  0.00000E+00  0.00000E+00  0.00000E+00  0.00000E+00
 OMEGA(2,2)   -2.02848E-01 -1.99997E-01  5.94246E-02 -9.85216E-02 -2.00483E-01 -1.87918E-01 -4.47939E-02  0.00000E+00  7.82434E-03 -2.23619E-01  0.00000E+00  3.49082E-02
