TABLE NO.     1: First Order Conditional Estimation with Interaction: Problem=1 Subproblem=0 Superproblem1=0 Iteration1=0 Superproblem2=0 Iteration2=0
 NAME         THETA1       THETA2       THETA3       THETA4       THETA5       THETA6       SIGMA(1,1)   SIGMA(2,1)   SIGMA(2,2)   OMEGA(1,1)   OMEGA(2,1)   OMEGA(2,2)
 THETA1       -7.53769E+27  1.14355E+27 -2.71277E+66 -1.05678E+31 -3.42323E+29 -4.57024E+30  2.65911E+25  0.00000E+00 -2.38148E+32  1.31449E+29  0.00000E+00  1.24684E+29
 THETA2        1.14355E+27 -1.73490E+26  4.11558E+65  1.60326E+30  5.19344E+28  6.93358E+29 -4.03418E+24  0.00000E+00  3.61298E+31 -1.99423E+28  0.00000E+00 -1.89160E+28
 THETA3       -2.71277E+66  4.11558E+65 -9.7631E+104 -3.80331E+69 -1.23200E+68 -1.64480E+69  9.57000E+63  0.00000E+00 -8.57082E+70  4.73077E+67  0.00000E+00  4.48731E+67
 THETA4       -1.05678E+31  1.60326E+30 -3.80331E+69 -1.48161E+34 -4.79938E+32 -6.40748E+33  3.72808E+28  0.00000E+00 -3.33884E+35  1.84291E+32  0.00000E+00  1.74807E+32
 THETA5       -3.42323E+29  5.19344E+28 -1.23200E+68 -4.79938E+32 -1.55466E+31 -2.07557E+32  1.20763E+27  0.00000E+00 -1.08155E+34  5.96974E+30  0.00000E+00  5.66252E+30
 THETA6       -4.57024E+30  6.93358E+29 -1.64480E+69 -6.40748E+33 -2.07557E+32 -2.77102E+33  1.61227E+28  0.00000E+00 -1.44394E+35  7.96999E+31  0.00000E+00  7.55983E+31
 SIGMA(1,1)    2.65911E+25 -4.03418E+24  9.57000E+63  3.72808E+28  1.20763E+27  1.61227E+28 -9.38072E+22  0.00000E+00  8.40130E+29 -4.63720E+26  0.00000E+00 -4.39856E+26
 SIGMA(2,1)    0.00000E+00  0.00000E+00  0.00000E+00  0.00000E+00  0.00000E+00  0.00000E+00  0.00000E+00  0.00000E+00  0.00000E+00  0.00000E+00  0.00000E+00  0.00000E+00
 SIGMA(2,2)   -2.38148E+32  3.61298E+31 -8.57082E+70 -3.33884E+35 -1.08155E+34 -1.44394E+35  8.40130E+29  0.00000E+00 -7.52414E+36  4.15304E+33  0.00000E+00  3.93931E+33
 OMEGA(1,1)    1.31449E+29 -1.99423E+28  4.73077E+67  1.84291E+32  5.96974E+30  7.96999E+31 -4.63720E+26  0.00000E+00  4.15304E+33 -2.29232E+30  0.00000E+00 -2.17435E+30
 OMEGA(2,1)    0.00000E+00  0.00000E+00  0.00000E+00  0.00000E+00  0.00000E+00  0.00000E+00  0.00000E+00  0.00000E+00  0.00000E+00  0.00000E+00  0.00000E+00  0.00000E+00
 OMEGA(2,2)    1.24684E+29 -1.89160E+28  4.48731E+67  1.74807E+32  5.66252E+30  7.55983E+31 -4.39856E+26  0.00000E+00  3.93931E+33 -2.17435E+30  0.00000E+00 -2.06245E+30
